[[13,2]]" "
[[5,1],[197,1]]" "
[[5741,1]]" "
[[33461,1]]" "
[[5,2],[29,1],[269,1]]" "
[[137,1],[8297,1]]" "
[[37,1],[179057,1]]" "
[[5,1],[13,2],[45697,1]]" "
[[229,1],[982789,1]]" "
[[29,1],[1549,1],[29201,1]]" "
[[5,1],[53,1],[197,1],[146449,1]]" "
[[44560482149,1]]" "
[[61,1],[1301,1],[3272609,1]]" "
[[5,1],[5741,1],[52734529,1]]" "
[[13,2],[29,1],[1800193921,1]]" "
[[593,1],[78737,1],[1101341,1]]" "
[[5,1],[389,1],[33461,1],[4605197,1]]" "
[[1746860020068409,1]]" "
[[11437,1],[890220016097,1]]" "
[[5,2],[29,1],[197,1],[269,1],[6481,1],[238321,1]]" "
[[3761,1],[91962100830401,1]]" "
[[13,2],[293,1],[40710764977973,1]]" "
[[5,1],[101,1],[137,1],[8297,1],[20468307053,1]]" "
[[68480406462161287469,1]]" "
[[29,1],[109,1],[5741,1],[183041,1],[120159269,1]]" "
[[5,1],[37,1],[179057,1],[1311797,1],[53535197,1]]" "
[[13558774610046711780701,1]]" "
[[853,1],[19062257,1],[4860136428481,1]]" "
[[5,1],[13,2],[197,1],[45697,1],[198701,1],[304728101,1]]" "
[[29,1],[521,1],[1949,1],[33461,1],[804829,1],[3385201,1]]" "
[[4289,1],[3648126404899433465221,1]]" "
[[5,1],[229,1],[982789,1],[81042255829535617,1]]" "
[[569,1],[2644939853,1],[353183656631413,1]]" "
[[1873724873,1],[1653385841290367057,1]]" "
[[5,3],[29,1],[149,1],[269,1],[1549,1],[29201,1],[1371001,1],[2004001,1]]" "
[[13,2],[5741,1],[23869,1],[41117,1],[110523055197017,1]]" "
[[157,1],[7741,1],[1735683721,1],[290781543899617,1]]" "
[[5,1],[53,1],[197,1],[10853,1],[146449,1],[244781,1],[176018980229,1]]" "
[[1993,1],[10455133697821667700137617517,1]]" "
[[29,1],[137,1],[3229,1],[8297,1],[65789,1],[5293801,1],[3276118961,1]]" "
[[5,1],[173,1],[20357,1],[41761,1],[21601752001,1],[44560482149,1]]" "
[[4125636888562548868221559797461449,1]]" "
[[13,3],[181,1],[33461,1],[1807152590055509778144337,1]]" "
[[5,1],[61,1],[1301,1],[5021,1],[3272609,1],[21494743413605524661,1]]" "
[[29,1],[37,1],[179057,1],[4251616538680786713636125761,1]]" "
[[4760981394323203445293052612223893281,1]]" "
[[5,1],[197,1],[5741,1],[52734529,1],[93052705802012471592001,1]]" "
[[161733217200188571081311986634082331709,1]]" "
[[46349,1],[20338092949190837574347617998161261,1]]" "
[[5,2],[13,2],[29,1],[269,1],[3361,1],[45697,1],[1800193921,1],[602905829188321,1]]" "
[[857,1],[3637,1],[2285652037,1],[4494890327555188465636717,1]]" "
[[8990321,1],[20760103282053089170205978270803621,1]]" "
[[5,1],[593,1],[1109,1],[1777,1],[78737,1],[1101341,1],[35532433,1],[60420844473533,1]]" "
[[677,1],[1295672163060559657,1],[7228091685084761880821,1]]" "
[[29,1],[229,1],[225629,1],[982789,1],[1482552629,1],[16926221323319388481,1]]" "
[[5,1],[197,1],[389,1],[33461,1],[4605197,1],[3647852170476820500182788801,1]]" "
[[13,2],[137,1],[953,1],[8297,1],[55217,1],[124184528278158277156066844761,1]]" "
[[5741,1],[36541,1],[3193189,1],[446196005573,1],[24479055365908097593,1]]" "
[[5,1],[429846869,1],[1746860020068409,1],[11358537748338103332221,1]]" "
[[29,1],[1549,1],[29201,1],[129749,1],[286001,1],[120327001,1],[42435944252714116001,1]]" "
[[118328383378321,1],[26475364750681741,1],[462419522774000629,1]]" "
[[5,1],[773,1],[11437,1],[34057,1],[54437,1],[890220016097,1],[115733441597548339009,1]]" "
[[69783437,1],[823071064447409386793,1],[856801259058475927601,1]]" "
[[13,2],[37,1],[2129,1],[21013,1],[179057,1],[956269,1],[172140037,1],[34786900322220782861,1]]" "
[[5,2],[29,1],[53,1],[197,1],[269,1],[6481,1],[146449,1],[238321,1],[3629521725022437903863265601,1]]" "
[[821,1],[149057,1],[104715602061649,1],[760355988023966234270396499013,1]]" "
[[277,1],[205019655488735878562039955639420609337628626679417,1]]" "
[[5,1],[3761,1],[73339177,1],[91962100830401,1],[2609806962121407432690292249,1]]" "
[[5741,1],[21737,1],[33461,1],[1323893,1],[348978808693021039263536981052190741,1]]" "