144,138,71,1
172,138,135,1 : 1 : 3

6756,6702,1943,1
11664,11646,1943,1 : 2 : 15

15684,14940,8059,5
19788,19332,8059,5 : 3 : 76

1270,1119,865,6
1585,1494,865,6 : 4 : 87

256,255,58,9
256,220,183,9 : 5 : 126

8672,7023,6737,12
10428,9391,6737,12 : 6 : 210

642,640,135,17
738,640,519,17 : 7 : 286

493,426,349,18
3765,3764,349,18 : 8 : 304

2991,2720,1879,18
4975,4884,1879,18 : 9 : 310

618,491,490,21
1048,1011,490,21 : 10 : 359

256,255,58,9
256,255,57,22 : 11 : 370

1660,1394,1231,25
2497,2393,1231,25 : 12 : 434

2313,2162,1314,25
2761,2658,1314,25 : 13 : 436

1833,1828,369,26
1833,1585,1296,26 : 14 : 447

46,37,36,3
46,37,30,27 : 15 : 451

87,79,54,20
87,79,48,38 : 16 : 605

479,406,350,47
503,406,392,47 : 17 : 726

185,180,68,57
209,180,146,57 : 18 : 869

478,477,82,51
478,477,75,64 : 19 : 967

279,262,150,71
288,262,177,71 : 20 : 1064

990,989,136,75
1070,989,636,75 : 21 : 1132

1480,1455,544,81
1672,1455,1168,81 : 22 : 1212

202,171,141,76
202,171,138,85 : 23 : 1266

1824,1812,491,85
1830,1812,563,85 : 24 : 1270

391,382,159,24
391,382,150,87 : 25 : 1300

964,850,655,89
1136,1058,655,89 : 26 : 1339

1986,1977,472,95
2484,1977,1966,95 : 27 : 1437

9534,7636,7497,95
13125,12253,7497,95 : 28 : 1447

235,204,163,54
235,198,163,96 : 29 : 1452

4647,4327,2684,96
5151,4327,3818,96 : 30 : 1463

969,830,696,97
1041,830,822,97 : 31 : 1477

372,349,200,99
384,349,236,99 : 32 : 1502

1602,1600,243,101
1602,1587,484,101 : 33 : 1537

229,192,165,76
229,192,157,102 : 34 : 1548

1019,890,706,107
2378,2357,706,107 : 35 : 1623

209,180,146,57
209,166,146,113 : 36 : 1701

8899,8898,619,72
8899,8898,618,115 : 37 : 1737

4351,4234,1863,120
4351,3550,3351,120 : 38 : 1784

362,353,151,20
368,353,151,134 : 39 : 1954

1332,1331,174,37
1332,1331,141,136 : 40 : 1992

11974,11848,3771,141
13434,11848,9131,141 : 41 : 2072

324,277,227,102
330,277,227,144 : 42 : 2097

7082,7077,908,147
8363,7077,6131,147 : 43 : 2160

7632,7083,4468,149
33198,33171,4468,149 : 44 : 2186

2481,2473,528,38
2481,2473,524,150 : 45 : 2195

1479,1278,1046,151
11295,11292,1046,151 : 46 : 2209

577,568,201,90
577,568,174,153 : 47 : 2230

1297,1290,316,153
1489,1290,1048,153 : 48 : 2237

2992,2973,795,166
3198,2973,1859,166 : 49 : 2392

378,321,268,119
385,321,268,168 : 50 : 2418

4533,4509,1136,178
4813,4509,2706,178 : 51 : 2544

13538,11774,9469,179
58086,58002,9469,179 : 52 : 2574

396,379,197,24
408,379,197,180 : 53 : 2575

408,388,197,123
408,379,197,180 : 54 : 2575

292,255,201,58
292,220,201,183 : 55 : 2606

526,447,366,193
562,495,366,193 : 56 : 2737

2973,2757,1745,199
9936,9918,1745,199 : 57 : 2814

2097,2062,764,201
2097,1870,1388,201 : 58 : 2840

7628,6830,5003,205
15074,14888,5003,205 : 59 : 2898

12152,10850,8027,205
15593,14849,8027,205 : 60 : 2901

794,782,281,55
794,776,281,223 : 61 : 3123

326,277,230,107
356,277,230,227 : 62 : 3165

2397,1994,1800,229
2421,1994,1842,229 : 63 : 3202

1700,1503,1146,233
1830,1503,1396,233 : 64 : 3254

453,397,312,26
453,397,260,234 : 65 : 3264

419,362,292,107
419,362,236,235 : 66 : 3269

1312,1299,405,34
1312,1299,376,237 : 67 : 3298

368,305,271,116
396,305,271,240 : 68 : 3330

515,467,326,46
515,467,274,242 : 69 : 3363

691,660,304,243
691,628,408,243 : 70 : 3374

2544,2361,1487,250
11066,11057,1487,250 : 71 : 3460

2629,2620,552,261
2629,2481,1423,261 : 72 : 3591

2458,2451,496,165
2458,2451,477,262 : 73 : 3608

3754,3735,928,33
3754,3735,921,262 : 74 : 3613

4880,4866,993,263
4880,4409,3124,263 : 75 : 3628

705,668,321,268
1582,1575,321,268 : 76 : 3684

465,369,362,142
489,369,362,268 : 77 : 3685

531,475,348,74
531,475,282,272 : 78 : 3745

11748,11705,2607,274
12265,11705,6226,274 : 79 : 3766

758,727,368,113
758,727,305,284 : 80 : 3880

517,436,381,6
517,436,318,285 : 81 : 3901

1658,1649,404,199
1658,1649,367,290 : 82 : 3953

1181,1160,437,142
1181,1160,394,293 : 83 : 3997

6746,6737,1070,127
6746,6737,1063,296 : 84 : 4051

3639,3631,678,176
3639,3631,662,300 : 85 : 4103

3161,3152,641,178
3161,3152,622,305 : 86 : 4176

5958,5490,3583,305
5958,5212,4119,305 : 87 : 4186

13765,13677,3676,306
13765,12678,8293,306 : 88 : 4204

2091,1962,1160,307
7678,7669,1160,307 : 89 : 4210

662,569,463,188
680,569,463,314 : 90 : 4282

838,766,513,159
838,748,513,327 : 91 : 4453

575,471,404,270
575,471,366,332 : 92 : 4521

3340,3330,667,333
3340,3099,1954,333 : 93 : 4539

614,503,470,73
614,503,404,337 : 94 : 4580

745,636,522,241
745,636,489,340 : 95 : 4616

2105,2097,404,342
2105,2033,960,342 : 96 : 4644

14527,14526,847,294
14527,14526,840,343 : 97 : 4657

724,607,534,153
724,607,486,345 : 98 : 4677

2902,2895,544,249
2902,2895,513,346 : 99 : 4697

2533,2517,670,174
2533,2517,642,346 : 100 : 4698

6189,5391,4315,347
11097,10875,4315,347 : 101 : 4727

2051,1908,1179,350
2051,1852,1307,350 : 102 : 4765

1524,1509,467,118
1530,1509,467,352 : 103 : 4773

1530,1509,523,134
1530,1509,467,352 : 104 : 4773

640,531,469,210
640,531,406,357 : 105 : 4836

670,537,471,346
670,537,463,360 : 106 : 4882

6194,6191,668,361
6612,6191,3726,361 : 107 : 4908

1026,960,569,223
1038,960,569,367 : 108 : 4963

979,915,556,72
979,915,492,376 : 109 : 5068

9469,9460,1341,192
9469,9460,1332,381 : 110 : 5120

1977,1945,678,386
2265,1945,1614,386 : 111 : 5191

2008,1929,972,55
2008,1929,951,388 : 112 : 5206

3903,3896,639,388
3903,3711,2024,388 : 113 : 5209

5302,4675,3604,389
6248,5819,3604,389 : 114 : 5231

1977,1641,1490,58
1977,1641,1481,391 : 115 : 5248

14680,13879,7884,393
14932,13879,8688,393 : 116 : 5277

1031,890,719,268
1031,872,719,394 : 117 : 5280

3103,3082,815,394
3103,2778,2031,394 : 118 : 5286

5076,4474,3453,395
41453,41445,3453,395 : 119 : 5303

1174,1047,738,409
1210,1047,822,409 : 120 : 5448

15956,15944,2087,409
15956,14447,10154,409 : 121 : 5462

1202,1133,643,254
1214,1133,643,410 : 122 : 5465

644,547,446,245
686,547,446,413 : 123 : 5510

1620,1529,846,415
1746,1529,1188,415 : 124 : 5529

1049,929,698,232
1049,905,698,418 : 125 : 5551

990,912,517,419
1067,912,726,419 : 126 : 5564

5027,5016,912,419
5027,4768,2648,419 : 127 : 5567

815,727,536,146
815,678,536,423 : 128 : 5601

9197,8816,4525,428
9197,7948,6509,428 : 129 : 5667

2417,2384,788,433
2454,2384,1047,433 : 130 : 5710

2649,2564,1182,433
2649,2520,1358,433 : 131 : 5712

1873,1801,900,6
1873,1801,864,438 : 132 : 5765

1126,955,804,333
1126,955,774,453 : 133 : 5935

3337,3324,753,178
3337,3324,696,457 : 134 : 5982

7425,7418,1020,457
8025,7418,4770,457 : 135 : 5996

1137,1081,480,458
1329,1081,996,458 : 136 : 6006

7571,7533,1857,461
12449,12435,1857,461 : 137 : 6054

3044,2587,2210,461
3086,2587,2288,461 : 138 : 6056

16691,16690,902,467
17378,16690,8429,467 : 139 : 6137

970,907,549,102
1006,907,549,474 : 140 : 6187

6431,6428,671,412
6431,6428,640,479 : 141 : 6240

1453,1389,688,396
1453,1389,652,480 : 142 : 6255

1296,1217,639,484
1548,1217,1215,484 : 143 : 6296

18444,18433,2238,215
18444,18433,2231,486 : 144 : 6324

14738,14735,1238,385
14738,14735,1225,488 : 145 : 6345

1111,1068,535,24
1111,1032,535,492 : 146 : 6401

3568,3561,562,447
3568,3561,526,495 : 147 : 6430

13089,13088,801,16
13089,13088,729,502 : 148 : 6522

7218,6077,5331,502
7656,6077,6075,502 : 149 : 6530

9120,7499,6957,502
9306,7499,7269,502 : 150 : 6533

1788,1515,1282,509
2174,2003,1282,509 : 151 : 6596

896,823,545,14
948,823,545,510 : 152 : 6606

3369,3358,681,386
3369,3358,620,513 : 153 : 6641

863,738,620,135
863,642,620,519 : 154 : 6698

2708,2690,727,209
2714,2690,727,521 : 155 : 6715

1229,1178,605,58
1229,1142,605,526 : 156 : 6776

2286,1847,1780,177
2295,1847,1780,528 : 157 : 6801

1321,1074,972,529
1402,1191,972,529 : 158 : 6816

1038,911,592,537
1044,911,610,537 : 159 : 6887

9897,9886,1473,320
9897,9886,1454,537 : 160 : 6890

1314,1189,755,540
1317,1189,764,540 : 161 : 6926

7768,7759,1164,369
7768,7759,1137,540 : 162 : 6927

1481,1409,740,358
1481,1409,662,544 : 163 : 6984

4882,4869,958,363
4882,4869,915,544 : 164 : 6986

8122,8079,2038,33
8122,8079,2025,544 : 165 : 6987

2503,2439,1054,114
2503,2439,1002,550 : 166 : 7037

1568,1400,979,557
2012,1916,979,557 : 167 : 7106

1962,1830,1093,491
1962,1824,1093,563 : 168 : 7164

1107,955,786,8
1107,955,674,564 : 169 : 7177

6647,6603,1791,365
6647,6602,1791,564 : 170 : 7183

1054,921,730,87
1054,921,591,568 : 171 : 7214

3243,3110,1566,571
3459,3110,2232,571 : 172 : 7245

1294,1195,762,261
1294,1195,648,573 : 173 : 7262

7596,6323,5701,582
7806,6323,6061,582 : 174 : 7365

5104,5091,982,405
5104,5091,933,586 : 175 : 7398

8992,8943,2278,9
8992,8943,2265,586 : 176 : 7400

5974,5955,1258,333
5974,5955,1221,592 : 177 : 7468

9913,9354,5377,600
9913,8913,6430,600 : 178 : 7562

3196,3063,1545,604
8290,8271,1545,604 : 179 : 7589

1266,1147,797,240
1308,1147,797,606 : 180 : 7605

2271,2034,1454,607
19143,19140,1454,607 : 181 : 7620

1767,1642,950,615
1824,1642,1121,615 : 182 : 7693

2260,1879,1672,617
6497,6458,1672,617 : 183 : 7725

13768,13711,3184,113
13768,13711,3176,625 : 184 : 7810

1598,1355,1117,584
1604,1355,1117,626 : 185 : 7821

6910,6325,4248,627
23890,23845,4248,627 : 186 : 7842

1367,1319,634,170
1410,1319,634,633 : 187 : 7881

4663,4330,2712,639
7646,7529,2712,639 : 188 : 7930

3435,2995,2388,362
3435,2987,2388,640 : 189 : 7943

2173,2034,1224,229
2173,2034,1165,642 : 190 : 7969

2173,2046,1165,486
2173,2034,1165,642 : 191 : 7969

20155,20154,1003,594
20155,20154,984,643 : 192 : 7977

1657,1585,828,6
1657,1585,668,646 : 193 : 8005

3305,2888,2273,646
4769,4586,2273,646 : 194 : 8010

7596,7336,3509,651
8574,7336,6173,651 : 195 : 8063

1070,907,734,437
1124,907,734,653 : 196 : 8077

3468,3373,1494,11
3468,3373,1451,654 : 197 : 8090

30154,30145,2904,375
30154,30145,2895,654 : 198 : 8095

9974,9911,2640,657
11028,9911,7162,657 : 199 : 8140

11028,9911,7162,657
35593,35496,7162,657 : 200 : 8141

2013,1934,973,126
2013,1934,861,658 : 201 : 8144

1243,1164,667,360
1243,1100,667,664 : 202 : 8207

1852,1695,1056,673
2032,1695,1476,673 : 203 : 8304

1446,1275,862,677
1704,1587,862,677 : 204 : 8353

1731,1579,1044,482
1731,1579,978,680 : 205 : 8385

2004,1823,1185,688
2172,1823,1569,688 : 206 : 8478

2831,2792,887,610
2831,2792,839,694 : 207 : 8532

1583,1412,1031,382
1583,1412,935,694 : 208 : 8533

2202,2051,1197,694
2592,2051,2037,694 : 209 : 8538

6126,5799,3266,361
6126,5799,3257,694 : 210 : 8540

1844,1784,839,121
1844,1748,839,697 : 211 : 8566

1987,1888,1035,186
1987,1888,918,699 : 212 : 8593

1454,1217,1076,295
1454,1217,974,703 : 213 : 8633

2357,2285,1046,268
2357,2285,934,704 : 214 : 8640

1889,1745,1102,446
1913,1745,1102,704 : 215 : 8642

1744,1663,876,321
1744,1663,708,705 : 216 : 8652

1457,1361,830,58
1457,1289,830,724 : 217 : 8864

41350,41337,4054,327
41350,41337,4047,724 : 218 : 8873

5955,5947,852,614
5955,5947,776,726 : 219 : 8884

2473,2374,1185,432
2473,2356,1185,726 : 220 : 8886

2991,2720,1879,18
2991,2720,1842,727 : 221 : 8901

4975,4884,1879,18
4975,4884,1842,727 : 222 : 8902

2991,2720,1842,727
4975,4884,1842,727 : 223 : 8902

4505,4484,1073,334
4505,4478,1073,736 : 224 : 8996

6469,6156,3333,736
30984,30971,3333,736 : 225 : 9004

1879,1746,1087,300
1879,1704,1087,738 : 226 : 9017

1873,1698,1153,522
1873,1698,1081,744 : 227 : 9079

2428,2329,1167,450
2446,2329,1167,744 : 228 : 9080

2833,2446,2001,450
2833,2428,2001,744 : 229 : 9082

3502,3403,1524,93
3502,3403,1461,750 : 230 : 9156

2830,2679,1444,753
2830,2622,1615,753 : 231 : 9194

1878,1660,1175,753
2097,1660,1616,753 : 232 : 9195

4757,4685,1688,166
4757,4685,1636,758 : 233 : 9245

2631,2524,1287,104
2652,2524,1287,761 : 234 : 9279

8637,8097,4841,19
8639,8097,4841,765 : 235 : 9320

4731,4652,1683,766
4805,4652,2141,766 : 236 : 9332

2783,2250,2151,596
2783,2234,2151,768 : 237 : 9347

9797,9788,1373,94
9797,9788,1285,776 : 238 : 9413

1737,1585,984,674
1756,1585,984,783 : 239 : 9474

3722,3707,853,62
3734,3707,853,794 : 240 : 9569

1944,1637,1347,802
31411,31410,1347,802 : 241 : 9670

33445,33312,7629,802
49317,49256,7629,802 : 242 : 9682

3414,3352,1265,471
3426,3352,1265,807 : 243 : 9720

2282,2048,1393,839
13530,13524,1393,839 : 244 : 10048

24529,24516,2857,510
24529,24516,2838,841 : 245 : 10071

2853,2605,1769,207
2853,2605,1704,842 : 246 : 10080

1636,1357,1230,267
1636,1357,1086,843 : 247 : 10090

1829,1550,1213,848
2976,2883,1213,848 : 248 : 10137

13316,12965,5659,848
14501,12965,9544,848 : 249 : 10142

3519,3407,1579,453
3519,3407,1506,850 : 250 : 10156

4571,3752,3478,851
9912,9765,3478,851 : 251 : 10168

1814,1523,1334,397
1814,1523,1220,853 : 252 : 10186

2206,1873,1566,687
2206,1873,1524,855 : 253 : 10200

14470,14457,1996,591
14470,14457,1959,862 : 254 : 10278

22969,22968,1009,822
22969,22968,978,865 : 255 : 10306

3442,3384,1255,369
3442,3366,1255,873 : 256 : 10384

3109,3037,1254,408
3109,3037,1110,876 : 257 : 10412

5613,4710,4154,877
14416,14299,4154,877 : 258 : 10437

7212,7122,2363,877
8061,7122,5450,877 : 259 : 10439

2774,2563,1565,878
10760,10747,1565,878 : 260 : 10448

5412,4805,3606,883
6042,4805,4776,883 : 261 : 10502

10300,10291,1356,717
10300,10291,1293,888 : 262 : 10554

6658,6645,1024,867
6658,6645,1006,891 : 263 : 10569

4712,3938,3499,893
6480,6114,3499,893 : 264 : 10594

2547,2467,1122,458
2547,2467,926,894 : 265 : 10604

2299,2182,1179,498
2299,2182,1011,900 : 266 : 10649

3187,3123,1234,318
3187,3099,1234,900 : 267 : 10650

1842,1681,1140,263
1842,1681,911,906 : 268 : 10700

3410,3084,2123,909
4833,4681,2123,909 : 269 : 10740

1338,1086,1031,265
1464,1086,1031,913 : 270 : 10770

6457,6420,1566,913
6745,6420,3462,913 : 271 : 10778

2427,2302,1275,290
2427,2302,1100,915 : 272 : 10791

16464,15862,7781,915
53025,52969,7781,915 : 273 : 10804

2365,2253,1186,498
2365,2253,1006,918 : 274 : 10822

2341,2098,1485,684
2341,2098,1413,918 : 275 : 10824

2776,2686,1257,303
2776,2650,1257,927 : 276 : 10895

3772,3069,2883,928
5076,4733,2883,928 : 277 : 10913

2082,1888,1143,929
2319,2167,1143,929 : 278 : 10926

1726,1479,1240,33
1726,1479,1033,930 : 279 : 10942

3220,3064,1561,935
3439,3064,2230,935 : 280 : 10997

2828,2711,1316,745
2828,2711,1232,937 : 281 : 11009

2087,1772,1511,424
2087,1688,1511,940 : 282 : 11036

3057,2670,2057,940
7134,7071,2057,940 : 283 : 11038

9482,9473,1167,942
10812,9473,7447,942 : 284 : 11067

1604,1357,1094,683
1670,1357,1094,947 : 285 : 11113

19687,19354,7242,951
44911,44848,7242,951 : 286 : 11148

1618,1341,1218,259
1618,1341,987,952 : 287 : 11150

1485,1285,1046,204
1605,1285,1046,954 : 288 : 11176

2194,1830,1627,501
2194,1752,1627,957 : 289 : 11210

6538,5511,4809,958
24780,24719,4809,958 : 290 : 11229

5387,5363,1136,850
5387,5363,1058,964 : 291 : 11270

3109,3021,1282,720
3109,3021,1156,978 : 292 : 11436

1917,1669,1338,68
1917,1669,1130,984 : 293 : 11500

44361,44353,3606,692
44361,44353,3590,984 : 294 : 11505

33515,33491,4322,436
33515,33491,4306,992 : 295 : 11586

10701,9470,7212,997
10701,8520,8462,997 : 296 : 11647

1632,1409,1138,423
1740,1409,1138,999 : 297 : 11658

1731,1500,1219,68
1731,1332,1219,1004 : 298 : 11704

7074,7050,1513,503
7074,7044,1513,1007 : 299 : 11735

3450,3376,1161,1007
3511,3376,1558,1007 : 300 : 11736

10559,8770,7946,1007
10631,8770,8072,1007 : 301 : 11743

7062,7038,1511,505
7068,7038,1511,1009 : 302 : 11750

18273,18206,4038,1009
26830,26799,4038,1009 : 303 : 11758

3369,3201,1726,668
3369,3177,1726,1010 : 304 : 11766

2614,2490,1111,1017
3298,3222,1111,1017 : 305 : 11835

5770,5689,1983,564
5770,5680,1983,1017 : 306 : 11837

16052,16007,3228,1017
16236,16007,5620,1017 : 307 : 11842

18491,18482,2014,1019
18491,17708,9160,1019 : 308 : 11872

29206,28737,10567,1020
29248,28737,10879,1020 : 309 : 11879

1900,1504,1473,639
1972,1504,1473,1023 : 310 : 11901

1710,1513,1151,228
1824,1513,1151,1026 : 311 : 11941

2767,2559,1642,66
2767,2559,1494,1030 : 312 : 11975

5556,5015,3537,1042
5724,5015,3921,1042 : 313 : 12118

6900,6803,2322,1045
7022,6803,3116,1045 : 314 : 12142

4644,4577,1462,1047
4730,4577,2064,1047 : 315 : 12168

8416,8397,1522,795
8416,8397,1419,1054 : 316 : 12232

13618,13557,3232,291
13618,13557,3195,1054 : 317 : 12237

24215,24191,3476,562
24215,24191,3448,1058 : 318 : 12273

3208,3091,1506,405
3208,3091,1317,1062 : 319 : 12303

6249,5328,4513,950
6249,5324,4513,1062 : 320 : 12313

5792,5774,1217,151
5792,5762,1217,1063 : 321 : 12324

14146,13928,5035,1069
24130,24056,5035,1069 : 322 : 12391

10378,10347,2134,645
10378,10347,2061,1072 : 323 : 12422

14914,14841,3646,183
14914,14841,3615,1072 : 324 : 12425

2853,2605,1769,207
2853,2605,1626,1076 : 325 : 12450

2853,2605,1704,842
2853,2605,1626,1076 : 326 : 12450

1833,1585,1296,26
1950,1585,1296,1079 : 327 : 12482

4597,4534,1413,1038
4597,4534,1389,1080 : 328 : 12488

7225,6920,3544,1081
7377,6920,4098,1081 : 329 : 12507

2480,1913,1910,1087
3039,2706,1910,1087 : 330 : 12560

3923,3866,1307,712
3923,3866,1091,1090 : 331 : 12591

3845,3782,1341,696
3845,3782,1130,1093 : 332 : 12617

2417,2297,1258,212
2489,2297,1258,1094 : 333 : 12637

5032,4938,1873,759
5032,4926,1873,1095 : 334 : 12651

3333,3221,1315,1101
3333,3028,1994,1101 : 335 : 12704

2556,2220,1777,527
2556,2136,1777,1103 : 336 : 12724

13678,13461,4912,1107
21000,20909,4912,1107 : 337 : 12759

1623,1152,1112,1111
10090,10081,1112,1111 : 338 : 12778

4081,3378,3073,738
4081,3349,3073,1115 : 339 : 12818

3582,3349,1914,1115
4081,3349,3073,1115 : 340 : 12818

3727,3655,1368,726
3727,3655,1158,1116 : 341 : 12829

14130,13422,7379,1117
15229,13422,10362,1117 : 342 : 12851

1854,1473,1204,1127
3144,3033,1204,1127 : 343 : 12932

5522,5414,2065,959
5528,5414,2065,1127 : 344 : 12934

2862,2706,1531,341
2862,2640,1531,1133 : 345 : 12987

2036,1655,1574,193
2036,1655,1334,1153 : 346 : 13163

2760,2519,1513,1164
2988,2519,2089,1164 : 347 : 13241

8464,8347,2916,165
8464,8347,2853,1164 : 348 : 13244

2766,2610,1493,379
2832,2610,1493,1171 : 349 : 13303

8301,8053,3674,540
8308,8053,3674,1171 : 350 : 13309

2230,1843,1686,333
2230,1843,1476,1173 : 351 : 13321

14381,14373,1574,1020
14381,14372,1574,1189 : 352 : 13447

2816,2438,1927,881
2858,2438,1927,1193 : 353 : 13489

2654,2237,1934,643
2654,2237,1796,1195 : 354 : 13512

2388,2052,1679,625
2472,2052,1679,1201 : 355 : 13563

12423,10466,9162,1207
12879,10466,9960,1207 : 356 : 13625

5175,5076,1951,722
5175,5058,1951,1208 : 357 : 13629

16866,16529,6543,1210
17737,16529,10204,1210 : 358 : 13646

4785,4274,3097,1212
7705,7524,3097,1212 : 359 : 13656

6587,6524,1851,1212
6587,6195,3590,1212 : 360 : 13657

51809,51794,4937,748
51809,51794,4918,1217 : 361 : 13714

2550,2129,1719,1228
2745,2129,2094,1228 : 362 : 13812

9486,9291,3677,1228
11272,9291,8565,1228 : 363 : 13819

44825,44768,7001,148
44825,44768,6988,1241 : 364 : 13957

4194,3937,2255,1086
4206,3937,2255,1242 : 365 : 13961

25307,25064,7731,702
25307,25064,7722,1251 : 366 : 14045

3300,3128,1497,1255
5872,5820,1497,1255 : 367 : 14079

14072,14057,1994,991
14072,14057,1903,1262 : 368 : 14135

5853,5749,2189,219
5853,5749,2040,1262 : 369 : 14137

9375,8863,5024,984
9375,8863,5010,1262 : 370 : 14142

7465,7377,2434,492
7465,7377,2322,1264 : 371 : 14168

2487,2143,1650,1016
2487,2143,1520,1266 : 372 : 14178

2418,2147,1300,1269
2496,2147,1534,1269 : 373 : 14202

13137,11048,9714,1273
13569,11048,10470,1273 : 374 : 14238

1927,1479,1368,1108
1991,1479,1368,1280 : 375 : 14288

13765,13677,3676,306
13765,13677,3624,1282 : 376 : 14306

10614,10093,5490,1283
12261,10093,9333,1283 : 377 : 14321

20897,20882,2657,958
20897,20882,2596,1289 : 378 : 14373

9561,8545,6282,1292
10467,9643,6282,1292 : 379 : 14410

5172,5107,1602,1013
5172,5107,1434,1301 : 380 : 14484

2571,2227,1812,50
2571,2227,1544,1314 : 381 : 14594

3736,3357,2292,1315
3916,3357,2712,1315 : 382 : 14608

3334,2991,2001,1318
3460,2991,2313,1318 : 383 : 14640

4369,3481,3433,911
4369,3438,3433,1320 : 384 : 14660

8402,7339,5804,1325
9032,7339,6974,1325 : 385 : 14706

2759,2206,2039,1214
2783,2206,2039,1328 : 386 : 14724

2519,2242,1655,566
2628,2242,1655,1329 : 387 : 14727

12652,12508,4041,1335
12652,10321,9738,1335 : 388 : 14785

4731,4652,1683,766
4731,4622,1683,1336 : 389 : 14787

4805,4652,2141,766
4805,4622,2141,1336 : 390 : 14788

4731,4622,1683,1336
4805,4622,2141,1336 : 391 : 14788

10616,10589,2059,722
10622,10589,2059,1340 : 392 : 14813

6840,6548,3327,1345
7257,6548,4626,1345 : 393 : 14869

51567,51559,3972,1046
51567,51559,3944,1350 : 394 : 14927

9526,9507,1552,1125
9526,9507,1389,1354 : 395 : 14959

3963,3222,2974,1355
4206,3573,2974,1355 : 396 : 14974

53047,53038,4215,1026
53047,53038,4188,1359 : 397 : 15017

2833,2446,2001,450
2833,2302,2001,1362 : 398 : 15050

2833,2428,2001,744
2833,2302,2001,1362 : 399 : 15050

5827,5710,2259,534
5827,5710,2088,1371 : 400 : 15141

6499,6328,2763,210
6499,6328,2646,1371 : 401 : 15143

5812,5686,2271,921
5830,5686,2271,1377 : 402 : 15201

4005,3596,2472,1381
4197,3596,2916,1381 : 403 : 15232

3646,3097,2580,1167
3646,3097,2526,1383 : 404 : 15254

3134,2645,2276,787
3134,2645,2126,1387 : 405 : 15295

8667,8646,1675,278
8667,8634,1675,1394 : 406 : 15350

2915,2582,1691,1396
10962,10941,1691,1396 : 407 : 15374

9668,9545,3152,1399
9816,9545,4188,1399 : 408 : 15407

13894,13851,2896,813
13894,13851,2805,1402 : 409 : 15435

19078,18987,4624,285
19078,18987,4581,1402 : 410 : 15437

6340,6306,1597,171
6340,6282,1597,1419 : 411 : 15572

3868,3076,2997,1227
3868,3040,2997,1419 : 412 : 15575

48985,48921,7720,204
48985,48921,7704,1420 : 413 : 15591

3332,3236,1459,77
3416,3236,1459,1421 : 414 : 15594

2713,2430,1777,204
2713,2256,1777,1422 : 415 : 15596

8053,7909,3018,306
8053,7909,2910,1422 : 416 : 15598

4028,3715,2237,1424
4532,3715,3389,1424 : 417 : 15615

4090,3873,2074,1119
4090,3873,1948,1431 : 418 : 15673

3063,2767,1944,590
3063,2767,1662,1436 : 419 : 15716

3659,3186,2547,500
3659,3090,2547,1436 : 420 : 15719

19532,19511,2840,1033
19532,19511,2761,1436 : 421 : 15721

12814,12804,1699,261
12814,12798,1699,1437 : 422 : 15728

3305,2888,2273,646
3305,2774,2273,1444 : 423 : 15780

5465,5273,2498,1006
5465,5249,2498,1444 : 424 : 15781

7809,7466,3849,1444
21594,21551,3849,1444 : 425 : 15786

12543,11100,8447,1444
24790,24457,8447,1444 : 426 : 15792

4454,4265,2204,415
4454,4265,1975,1454 : 427 : 15873

5675,5507,2504,382
5675,5507,2332,1454 : 428 : 15874

3765,3582,1621,1466
6293,6230,1621,1466 : 429 : 15990

3082,2596,2265,543
3082,2434,2265,1479 : 430 : 16107

10450,10369,2964,663
10450,10369,2847,1482 : 431 : 16146

2608,2221,1875,576
2752,2221,1875,1488 : 432 : 16199

6459,6379,2126,654
6483,6379,2126,1488 : 433 : 16200

4089,3945,1906,362
4089,3873,1906,1496 : 434 : 16263

7103,6920,2999,262
7103,6920,2866,1511 : 435 : 16369

3218,3089,1567,110
3326,3089,1567,1514 : 436 : 16388

4307,3866,2675,1438
4307,3866,2651,1516 : 437 : 16406

2426,2165,1603,224
2612,2165,1603,1526 : 438 : 16484

3993,3849,1874,394
4065,3849,1874,1528 : 439 : 16501

2394,1973,1771,786
2562,1973,1771,1530 : 440 : 16519

8521,7188,6246,1537
10929,10190,6246,1537 : 441 : 16597

7199,7103,2426,766
7199,7103,2230,1538 : 442 : 16602

3144,2531,2230,1557
16158,16139,2230,1557 : 443 : 16755

2928,2473,2148,407
2928,2473,1836,1559 : 444 : 16768

5112,4263,3740,1561
18144,18087,3740,1561 : 445 : 16778

11558,11369,4208,31
11558,11369,4135,1562 : 446 : 16784

6903,5850,4999,1562
11232,10881,4999,1562 : 447 : 16787

7414,6687,4713,1564
8350,6687,6537,1564 : 448 : 16806

3833,3713,1724,106
3833,3617,1724,1570 : 449 : 16846

6521,6010,3896,1025
6521,6010,3833,1574 : 450 : 16885

4922,4181,3482,1579
7643,7370,3482,1579 : 451 : 16924

9585,9468,3032,1585
13014,12951,3032,1585 : 452 : 16976

9585,9468,3032,1585
34353,34344,3032,1585 : 453 : 16977

13014,12951,3032,1585
34353,34344,3032,1585 : 454 : 16977

5172,4990,2381,843
5214,4990,2381,1587 : 455 : 16995

4968,4906,1655,81
5022,4906,1655,1593 : 456 : 17048

9566,7992,7127,1425
9566,7986,7127,1593 : 457 : 17057

9402,9277,3060,1595
10239,9277,6471,1595 : 458 : 17073

21527,21431,5102,394
21527,21431,5050,1598 : 459 : 17094

5853,5749,2189,219
5853,5749,1854,1604 : 460 : 17148

5853,5749,2040,1262
5853,5749,1854,1604 : 461 : 17148

8167,7263,5400,1606
8167,7191,5526,1606 : 462 : 17177

10981,10909,2934,852
10981,10909,2790,1608 : 463 : 17192

2909,2522,2045,286
2909,2522,1637,1612 : 464 : 17221

2855,2556,1658,1263
2855,2439,1658,1614 : 465 : 17235

5379,5323,1688,90
5427,5323,1688,1614 : 466 : 17236

2617,2208,1825,1026
2761,2208,1825,1614 : 467 : 17237

4663,4455,2242,1194
4663,4455,2062,1614 : 468 : 17238

11321,11217,3390,872
11321,11217,3284,1614 : 469 : 17239

2942,2690,1817,55
2942,2480,1817,1615 : 470 : 17243

13264,13233,2446,1191
13264,13233,2295,1618 : 471 : 17269

6803,6704,2363,706
6803,6674,2363,1636 : 472 : 17409

6870,5787,5014,1637
19336,19219,5014,1637 : 473 : 17419

20521,20512,2025,1452
20521,20512,1908,1641 : 474 : 17437

2812,2326,2103,705
2974,2326,2103,1641 : 475 : 17438

16096,16047,3334,969
16096,16047,3225,1642 : 476 : 17454

22576,22467,5494,309
22576,22467,5445,1642 : 477 : 17458

5952,5755,2669,1074
5982,5755,2669,1644 : 478 : 17474

17614,17553,3826,831
17614,17553,3735,1648 : 479 : 17508

20854,20763,4906,501
20854,20763,4845,1648 : 480 : 17512

3580,2788,2763,1461
3616,2788,2763,1653 : 481 : 17542

14025,13969,3123,1349
14025,13969,3050,1656 : 482 : 17581

6841,6150,4362,1657
7489,6150,5676,1657 : 483 : 17599

3839,3260,2686,1367
3839,3260,2588,1663 : 484 : 17639

6268,6151,2361,720
6304,6151,2361,1668 : 485 : 17675

5800,5331,3390,1669
6610,5331,5100,1669 : 486 : 17683

3429,3085,2208,578
3429,3085,1842,1676 : 487 : 17747

3265,2694,2190,1681
8062,7983,2190,1681 : 488 : 17785

3642,3359,1782,1681
4086,3359,2946,1681 : 489 : 17787

3677,3333,2309,723
3677,3196,2309,1682 : 490 : 17793

33941,33938,1853,1588
33941,33938,1774,1685 : 491 : 17811

4369,3438,3433,1320
4369,3438,3361,1686 : 492 : 17819

2648,2281,1751,1100
2804,2281,1751,1688 : 493 : 17828

2563,2267,1726,352
2563,1900,1726,1691 : 494 : 17847

3233,2804,2273,136
3233,2804,1900,1697 : 495 : 17900

6641,6530,2393,904
6641,6530,2122,1697 : 496 : 17902

4674,4398,2551,761
4674,4320,2551,1697 : 497 : 17903

18185,17928,6270,1697
18185,17684,7822,1697 : 498 : 17912

2797,2248,2190,261
2797,2248,1773,1704 : 499 : 17960

16578,16567,2081,372
16584,16567,2081,1710 : 500 : 18024

3951,3247,2976,1028
3951,3247,2820,1712 : 501 : 18043

28553,28098,10292,1713
38724,38479,10292,1713 : 502 : 18070

4497,4105,2694,1304
4497,4105,2556,1718 : 503 : 18108

16371,15599,8395,633
16377,15599,8395,1719 : 504 : 18121

4001,3644,2489,622
4001,3518,2489,1720 : 505 : 18124

9904,9861,2326,243
9904,9861,1956,1723 : 506 : 18147

3623,3200,2447,514
3623,3026,2447,1732 : 507 : 18215

3760,3264,2361,1735
5020,4764,2361,1735 : 508 : 18247

15398,15368,2729,991
15398,15362,2729,1735 : 509 : 18248

5433,5230,2577,584
5433,5230,2294,1737 : 510 : 18261

12261,10440,8894,1213
12261,10429,8894,1752 : 511 : 18393

17322,17309,2139,1240
17322,17309,1843,1758 : 512 : 18427

4530,4254,2489,823
4608,4254,2489,1759 : 513 : 18442

6943,6826,2511,930
6943,6826,2232,1767 : 514 : 18517

2766,2097,1847,1780
3954,3681,1847,1780 : 515 : 18624

55231,55168,8319,540
55231,55168,8292,1791 : 516 : 18711

12548,12524,2239,449
12560,12524,2239,1793 : 517 : 18718

4209,3676,2865,1112
4209,3676,2673,1796 : 518 : 18734

3670,3067,2724,717
3670,3067,2454,1797 : 519 : 18749

21417,21400,2721,1478
21417,21400,2594,1809 : 520 : 18822

4197,3258,3221,1810
6014,5627,3221,1810 : 521 : 18833

4735,4240,3063,1062
4735,4150,3063,1812 : 522 : 18852

5847,5706,2407,554
5847,5646,2407,1814 : 523 : 18859

16559,16434,4580,1815
16559,16059,7325,1815 : 524 : 18880

17106,17089,2232,1559
17106,17089,2063,1830 : 525 : 18979

3501,3228,2101,122
3501,3018,2101,1832 : 526 : 18993

7087,6772,3567,48
7087,6772,3396,1839 : 527 : 19046

2999,2423,2336,76
2999,2423,1868,1840 : 528 : 19056

5760,5619,2381,580
5820,5619,2381,1840 : 529 : 19057

8923,8835,2722,864
8923,8811,2722,1842 : 530 : 19071

4926,4492,2979,1349
4978,4492,2979,1845 : 531 : 19094

17659,17416,6075,252
17659,17409,6075,1855 : 532 : 19159

43521,43504,4545,1388
43521,43504,4484,1857 : 533 : 19177

7521,7417,2526,1088
7521,7417,2222,1860 : 534 : 19200

12630,10433,9556,1863
34567,34320,9556,1863 : 535 : 19236

9560,8706,5919,1865
16152,15874,5919,1865 : 536 : 19256

4749,4534,2373,812
4749,4534,1946,1869 : 537 : 19301

5284,4296,3951,1873
5608,4764,3951,1873 : 538 : 19327

9592,9552,2221,339
9592,9528,2221,1875 : 539 : 19341

4879,4074,3583,1362
4879,3990,3583,1878 : 540 : 19369

13113,12910,4689,212
13113,12910,4586,1881 : 541 : 19394

8257,7968,3721,1770
8257,7962,3721,1884 : 542 : 19415

2676,2273,1894,855
2934,2273,1894,1887 : 543 : 19426

3243,2731,2372,732
3435,2731,2372,1896 : 544 : 19486

9378,8231,6385,1896
9894,8231,7393,1896 : 545 : 19491

3732,3214,2649,575
3732,3214,2285,1899 : 546 : 19497

13126,12975,4257,202
13126,12975,4126,1905 : 547 : 19537

3873,3481,2502,632
3873,3481,2076,1910 : 548 : 19573

6067,5914,2427,1296
6067,5914,2115,1914 : 549 : 19607

42967,42958,3672,687
42967,42958,3495,1926 : 550 : 19693

6535,6372,2364,1927
6535,6360,2448,1927 : 551 : 19698

6098,5636,3545,1471
6098,5594,3545,1927 : 552 : 19702

3270,2997,2003,220
3480,2997,2003,1930 : 553 : 19730

8553,8298,3673,1682
8553,8286,3673,1934 : 554 : 19762

6707,6140,3979,1934
51006,50997,3979,1934 : 555 : 19764

27507,27499,2214,1940
27763,27499,8422,1940 : 556 : 19791

10200,8999,6876,1945
10980,8999,8376,1945 : 557 : 19849

11161,9708,7764,1945
11737,9708,8856,1945 : 558 : 19850

5692,5019,3696,1957
5728,5019,3780,1957 : 559 : 19927

14687,14624,3372,1311
14687,14624,3210,1959 : 560 : 19943

4038,3687,2489,670
4182,3687,2489,1966 : 561 : 19980

3642,3175,2513,756
3816,3175,2513,1974 : 562 : 20051

3694,3037,2814,483
3694,3037,2436,1995 : 563 : 20199

8325,7219,5853,629
8362,7219,5853,1998 : 564 : 20228

4376,4040,2609,463
4376,3872,2609,1999 : 565 : 20230

4376,3872,2609,1999
5400,5088,2609,1999 : 566 : 20231

6368,5987,3421,1532
6404,5987,3421,2000 : 567 : 20249

3804,3383,2026,2001
3942,3383,2440,2001 : 568 : 20254

11027,9746,7459,482
11027,9746,7411,2006 : 569 : 20297

5788,5545,2736,1431
5788,5545,2484,2007 : 570 : 20304

5797,4645,4556,268
5797,4645,4422,2010 : 571 : 20327

5204,4925,2768,643
5204,4925,2371,2012 : 572 : 20340

19101,18997,4830,812
19101,18997,4718,2016 : 573 : 20360

3956,3287,2966,673
3956,3287,2630,2017 : 574 : 20365

8345,8129,3442,1472
8369,8129,3442,2018 : 575 : 20373

8777,8594,3449,730
8777,8594,3208,2033 : 576 : 20488

14766,12949,10131,2036
46667,46506,10131,2036 : 577 : 20524

4516,3805,3294,1083
4516,3805,3054,2043 : 578 : 20570

30346,30328,3669,675
30346,30328,3453,2043 : 579 : 20572

9628,8496,6469,2043
12834,12242,6469,2043 : 580 : 20578

3643,3054,2707,300
3643,2712,2707,2046 : 581 : 20597

8012,7769,3567,186
8012,7769,3327,2046 : 582 : 20598

5515,4948,3459,1734
5515,4948,3363,2046 : 583 : 20599

4814,4073,3470,1303
4814,4073,3284,2047 : 584 : 20609

25087,24876,7303,1770
25087,24876,7284,2047 : 585 : 20616

3522,2909,2547,1366
3678,2909,2547,2050 : 586 : 20634

7577,7118,4073,1894
7577,7106,4073,2050 : 587 : 20636

8860,8643,3676,573
8860,8643,3453,2056 : 588 : 20673

4987,4258,3531,1410
4987,4258,3363,2064 : 589 : 20744

8412,8287,2910,1145
8412,8287,2585,2070 : 590 : 20775

23635,23563,4920,1062
23635,23563,4812,2070 : 591 : 20777

5441,4978,3062,2081
5945,4978,4268,2081 : 592 : 20835

6728,6659,2101,38
6794,6659,2101,2084 : 593 : 20859

8310,6904,6177,2087
9846,8920,6177,2087 : 594 : 20890

4475,3890,2787,2088
15115,15070,2787,2088 : 595 : 20895

30145,30129,3370,1746
30145,30129,3246,2110 : 596 : 21067

12657,10538,9465,2116
24616,24135,9465,2116 : 597 : 21128

12378,10649,8791,2118
12720,10649,9439,2118 : 598 : 21146

3544,2937,2127,2122
5767,5568,2127,2122 : 599 : 21164

8431,8314,2679,1752
8431,8314,2463,2130 : 600 : 21219

5689,5406,2953,726
5689,5298,2953,2130 : 601 : 21221

15328,15297,2791,402
15328,15297,2295,2134 : 602 : 21248

6961,6657,3226,2058
6961,6657,3190,2142 : 603 : 21302

3980,3467,2749,842
4166,3467,2749,2144 : 604 : 21313

7516,7363,2880,1149
7516,7363,2493,2148 : 605 : 21333

5125,4477,3480,1398
5125,4477,3270,2148 : 606 : 21334

3854,3247,2606,1745
3956,3247,2606,2153 : 607 : 21376

4029,3242,3013,1584
4149,3242,3013,2154 : 608 : 21391

3543,3063,2506,14
3543,2655,2506,2156 : 609 : 21412

11173,11040,3390,2173
11173,9150,8520,2173 : 610 : 21534

13435,13371,3148,1488
13435,13371,2892,2176 : 611 : 21558

10083,8846,6858,2179
10539,8846,7764,2179 : 612 : 21585

13488,13438,2987,813
13506,13438,2987,2181 : 613 : 21598

6159,5778,3119,2182
8319,8118,3119,2182 : 614 : 21610

9824,9707,2845,2186
23061,23040,2845,2186 : 615 : 21630

22462,22389,4768,1203
22462,22389,4635,2194 : 616 : 21697

28942,28809,6928,543
28942,28809,6855,2194 : 617 : 21700

43476,43471,2712,2033
43476,43471,2609,2196 : 618 : 21713

20170,19927,6642,9
20170,19927,6561,2196 : 619 : 21717

21633,21600,3529,1322
21633,21594,3529,2204 : 620 : 21769

21618,21585,3527,1324
21624,21585,3527,2206 : 621 : 21782

12001,11784,4513,540
12001,11784,4332,2209 : 622 : 21804

16473,15492,9050,2209
16473,15242,9720,2209 : 623 : 21811

6219,5683,3666,1976
6219,5683,3588,2210 : 624 : 21815

7161,7013,2247,2221
8277,7013,5955,2221 : 625 : 21886

5597,4502,4301,1654
5597,4502,4181,2224 : 626 : 21901

4155,3452,2694,2227
4923,4460,2694,2227 : 627 : 21924

15706,15675,2512,1917
15706,15675,2278,2229 : 628 : 21938

9407,9278,2903,2104
9407,9278,2831,2230 : 629 : 21953

10291,10138,3603,1038
10291,10138,3324,2235 : 630 : 21993

32554,32311,9153,36
32554,32311,9108,2241 : 631 : 22048

5463,4975,3336,1406
5463,4975,3054,2252 : 632 : 22127

17711,17684,2927,664
17711,17672,2927,2260 : 633 : 22173

12746,11177,8719,2264
23936,23537,8719,2264 : 634 : 22200

8467,8355,2734,1494
8467,8355,2298,2266 : 635 : 22212

14641,14340,5745,16
14641,14340,5625,2266 : 636 : 22217

13380,11573,9411,2278
13926,11573,10443,2278 : 637 : 22307

33052,32899,7932,381
33052,32899,7869,2280 : 638 : 22325

5878,5444,3103,2281
5878,4670,4471,2281 : 639 : 22334

13882,13837,2634,1971
13882,13837,2412,2283 : 640 : 22347

7235,6717,4229,297
7235,6717,3995,2283 : 641 : 22354

9671,8816,5919,2286
11003,8816,8595,2286 : 642 : 22387

4624,4057,3135,1086
4786,4057,3135,2292 : 643 : 22415

4099,3694,2643,102
4099,3370,2643,2298 : 644 : 22455

11926,11773,3915,1644
11944,11773,3915,2298 : 645 : 22457

12100,11821,4755,2304
13765,11821,9810,2304 : 646 : 22502

5420,5021,3163,998
5546,5021,3163,2312 : 647 : 22551

14270,14025,5279,96
14270,14004,5279,2313 : 648 : 22562

5679,4887,4000,1346
5679,4743,4000,2318 : 649 : 22593

4239,3799,2762,648
4455,3799,2762,2322 : 650 : 22624

14932,14779,4650,909
14932,14779,4461,2322 : 651 : 22625

18778,18735,3424,1737
18778,18735,3201,2326 : 652 : 22645

4519,4119,2818,282
4519,3855,2818,2328 : 653 : 22661

5568,5286,2917,467
5568,5130,2917,2339 : 654 : 22748

4164,3258,2917,2339
5568,5130,2917,2339 : 655 : 22748

16442,13940,11989,2339
18586,16732,11989,2339 : 656 : 22759

11271,11143,3588,1268
11271,11143,3284,2340 : 657 : 22760

22195,22042,6075,708
22195,22042,5958,2355 : 658 : 22868

26707,26694,3019,660
26707,26688,3019,2358 : 659 : 22888

6649,5841,4462,1800
6649,5769,4462,2358 : 660 : 22889

4317,4021,2382,1244
4509,4021,2382,2360 : 661 : 22898

6824,6593,3104,1087
6824,6593,2623,2360 : 662 : 22900

7625,7433,3140,1192
7625,7433,2692,2360 : 663 : 22901

5041,4474,3345,1038
5041,4474,2937,2364 : 664 : 22928

9120,9006,2455,2369
9150,9006,2815,2369 : 665 : 22956

25713,25681,3858,1814
25713,25681,3686,2370 : 666 : 22964

7256,7047,2657,2370
8464,7047,6241,2370 : 667 : 22965

3486,2963,2446,1197
3780,2963,2446,2373 : 668 : 22987

25738,25647,5632,1161
25738,25647,5505,2374 : 669 : 22995

29626,29499,6928,765
29626,29499,6837,2374 : 670 : 22997

9612,9277,4331,2034
9630,9277,4331,2376 : 671 : 23011

9084,8994,2801,439
9138,8994,2801,2383 : 672 : 23057

11304,11086,4223,1881
11322,11086,4223,2385 : 673 : 23078

10328,10142,3821,1387
10328,10106,3821,2395 : 674 : 23140

24757,24712,4269,1686
24757,24712,4098,2397 : 675 : 23158

3677,3060,2426,1893
3677,2781,2426,2406 : 676 : 23213

9679,9462,3847,1392
9679,9420,3847,2406 : 677 : 23216

5275,4699,3504,108
5275,4699,3072,2412 : 678 : 23266

5370,5088,2843,541
5526,5088,2843,2413 : 679 : 23272

16130,16109,2539,128
16148,16109,2539,2414 : 680 : 23280

16152,16057,4103,1692
16164,16057,4103,2424 : 681 : 23345

10074,9949,3060,2075
10074,9949,2850,2435 : 682 : 23434

24580,24561,3252,271
24580,24561,2710,2439 : 683 : 23470

11863,11530,5151,216
11863,11530,4962,2439 : 684 : 23475

4286,3473,3326,367
4286,3473,2804,2455 : 685 : 23590

11132,11021,3371,1366
11132,11021,2962,2459 : 686 : 23623

3748,3343,2481,264
4072,3343,2481,2460 : 687 : 23628

8290,8191,2721,282
8362,8191,2721,2466 : 688 : 23673

15753,15441,5968,2474
15753,13854,10729,2474 : 689 : 23731

6480,6114,3499,893
6480,5982,3499,2477 : 690 : 23755

11933,11606,5141,280
11933,11606,4942,2477 : 691 : 23756

7017,6554,3652,2481
8241,6554,6406,2481 : 692 : 23786

6980,6511,3977,1046
6980,6511,3650,2489 : 693 : 23831

31516,31497,3616,2103
31516,31497,3447,2500 : 694 : 23904

5380,4651,3768,1173
5380,4651,3396,2517 : 695 : 24018

5107,4467,3532,108
5107,4467,3036,2524 : 696 : 24069

6835,6547,3282,1494
6835,6547,2826,2526 : 697 : 24081

13073,12881,4580,976
13073,12881,4324,2528 : 698 : 24100

5156,4307,3830,997
5156,4307,3446,2533 : 699 : 24149

17244,17088,4955,2533
35752,35716,4955,2533 : 700 : 24154

5319,4527,3776,1570
5463,4527,3776,2542 : 701 : 24205

5982,5440,3321,2543
9950,9768,3321,2543 : 702 : 24212

26233,26214,3049,2214
26233,26214,2832,2545 : 703 : 24224

5470,4597,4014,1227
5470,4597,3684,2547 : 704 : 24238

6484,5503,4614,1977
6484,5503,4470,2553 : 705 : 24282

6134,5195,4406,1717
6134,5195,4196,2557 : 706 : 24307

14325,11980,10677,1448
14325,11948,10677,2560 : 707 : 24338

6270,5904,3413,979
6402,5904,3413,2563 : 708 : 24345

7341,6709,4314,2372
7341,6709,4248,2570 : 709 : 24408

7255,7008,3295,1242
7255,7008,2742,2575 : 710 : 24435

8363,7077,6131,147
8363,6960,6131,2586 : 711 : 24505

5109,4381,3656,738
5109,4381,3170,2592 : 712 : 24537

4971,4435,3282,632
4971,4435,2628,2594 : 713 : 24553

16584,14348,11671,2601
33114,32618,11671,2601 : 714 : 24621

21202,21153,3886,1935
21202,21153,3639,2608 : 715 : 24659

25409,25178,7625,328
25409,25178,7522,2609 : 716 : 24671

15090,14934,4441,2615
15697,15553,4441,2615 : 717 : 24711

4203,3624,2987,100
4203,3088,2987,2628 : 718 : 24793

8121,7218,5209,2630
13945,13666,5209,2630 : 719 : 24811

5608,5049,3592,1095
5608,5049,3088,2631 : 720 : 24821

5846,5468,3295,809
6014,5468,3295,2633 : 721 : 24831

27128,27107,3260,2269
27128,27107,3037,2636 : 722 : 24852

9190,9019,3294,1893
9190,9019,2892,2637 : 723 : 24858

5588,4764,3635,2637
12140,11988,3635,2637 : 724 : 24860

13093,12706,5781,90
13093,12706,5592,2637 : 725 : 24866

4895,4295,3362,388
4895,3935,3362,2638 : 726 : 24873

24256,24189,4834,1707
24256,24189,4635,2638 : 727 : 24876

38512,38313,9586,255
38512,38313,9519,2638 : 728 : 24878

10232,10058,3739,1133
10286,10058,3739,2645 : 729 : 24921

12489,12249,4678,1982
12489,12225,4678,2648 : 730 : 24942

27514,27423,5878,1425
27514,27423,5721,2656 : 731 : 24998

34642,34485,8254,699
34642,34485,8163,2656 : 732 : 25002

27669,27605,5256,1132
27669,27605,5038,2658 : 733 : 25018

4820,4057,3254,2207
4934,4057,3254,2663 : 734 : 25058

4895,4418,3143,196
4895,4064,3143,2674 : 735 : 25130

12652,12508,4041,1335
12652,12472,4041,2679 : 736 : 25152

12393,12153,4646,2014
12417,12153,4646,2680 : 737 : 25166

22031,21914,5314,2687
29975,29912,5314,2687 : 738 : 25205

5513,4544,4169,1084
5513,4544,3785,2692 : 739 : 25237

12580,12436,4023,1353
12616,12436,4023,2697 : 740 : 25269

12696,12487,4302,2705
15294,15151,4302,2705 : 741 : 25308

12696,12487,4302,2705
13796,12487,8702,2705 : 742 : 25316

15515,14979,7074,2708
28709,28557,7074,2708 : 743 : 25340

15795,15686,4188,1963
15795,15686,3939,2710 : 744 : 25349

7752,7219,4373,1818
7830,7219,4373,2724 : 745 : 25442

7032,5959,4913,2598
7050,5959,4913,2724 : 746 : 25443

10645,9378,7122,2725
11005,9378,7872,2725 : 747 : 25461

4086,3473,2854,1455
4404,3473,2854,2727 : 748 : 25473

31719,31624,6567,1388
31719,31624,6428,2727 : 749 : 25476

31719,31624,6428,2727
31719,31280,10876,2727 : 750 : 25480

4304,3415,3368,1193
4616,3415,3368,2729 : 751 : 25489

9449,9257,3670,986
9521,9257,3670,2732 : 752 : 25506

33288,33274,3581,843
33294,33274,3581,2739 : 753 : 25541

4488,3985,2999,522
4806,3985,2999,2748 : 754 : 25587

7654,6963,4482,2749
8266,6963,5910,2749 : 755 : 25600

28021,27972,4554,2749
28021,27258,12000,2749 : 756 : 25606

29594,29558,4471,1721
29600,29558,4471,2753 : 757 : 25629

15723,15619,4190,1452
15747,15619,4190,2754 : 758 : 25634

20065,19993,4035,2757
20295,19993,7025,2757 : 759 : 25652

7386,6960,4009,1103
7386,6822,4009,2759 : 760 : 25666

12317,12197,3644,1786
12317,12197,3208,2762 : 761 : 25682

9773,9248,5093,2182
9773,9206,5093,2764 : 762 : 25699

4929,4036,3777,500
4929,4036,3201,2768 : 763 : 25722

8793,8625,3364,542
8793,8529,3364,2774 : 764 : 25753

7717,7437,3586,1284
7717,7437,2994,2776 : 765 : 25767

5819,5051,4052,1180
5819,5051,3596,2788 : 766 : 25838

24723,24270,9259,2792
25185,24270,11833,2792 : 767 : 25881

5494,4567,4116,945
5494,4567,3654,2793 : 768 : 25884

15637,15573,3244,2328
15637,15573,2920,2796 : 769 : 25904

17569,16540,9569,2800
18488,17567,9569,2800 : 770 : 25944

24342,24312,3743,937
24354,24312,3743,2809 : 771 : 25995

7606,6463,5364,2505
7606,6463,5286,2817 : 772 : 26054

6854,5807,4916,1945
6854,5807,4694,2833 : 773 : 26158

18839,17879,9872,2068
18839,17879,9824,2836 : 774 : 26178

5961,5377,3804,1094
5961,5377,3222,2840 : 775 : 26197

6967,6135,4636,1968
6967,6135,4384,2844 : 776 : 26220

7664,7331,3716,1693
7664,7331,3212,2845 : 777 : 26225

9081,8497,5111,1233
9166,8497,5111,2848 : 778 : 26237

5223,4519,3684,584
5223,4519,3000,2852 : 779 : 26253

17309,17189,4682,1648
17309,17189,4378,2852 : 780 : 26256

7914,6666,5713,2351
7914,6588,5713,2855 : 781 : 26282

5028,4411,3437,882
5310,4411,3437,2856 : 782 : 26289

7152,6726,3911,1201
7290,6726,3911,2857 : 783 : 26295

12053,11816,4637,1162
12053,11816,4270,2861 : 784 : 26320

3954,3177,2927,1672
4322,3177,2927,2868 : 785 : 26368

5555,4964,3659,478
5555,4622,3659,2872 : 786 : 26392

7495,7338,2959,24
7495,7188,2959,2874 : 787 : 26404

5793,5388,3361,284
5793,5100,3361,2876 : 788 : 26413

6931,6291,4348,1212
6931,6099,4348,2880 : 789 : 26435

16164,16032,4601,1735
16188,16032,4601,2887 : 790 : 26472

8533,7957,4620,2664
8533,7957,4536,2892 : 791 : 26510

46780,46717,7416,1731
46780,46717,7299,2892 : 792 : 26512

8417,8273,3110,166
8417,8153,3110,2896 : 793 : 26530

5620,4684,4203,789
5620,4288,4203,2901 : 794 : 26567

5021,4048,3797,1766
5261,4048,3797,2906 : 795 : 26597

13933,13710,4933,1980
13933,13680,4933,2910 : 796 : 26631

4404,3743,3070,1593
4734,3743,3070,2913 : 797 : 26644

15643,15571,3462,2232
15643,15571,3030,2916 : 798 : 26678

7219,5995,5328,2118
7219,5995,5142,2916 : 799 : 26680

6660,6083,3570,2917
7230,6083,5040,2917 : 800 : 26690

13815,13679,3727,2937
16734,13679,12808,2937 : 801 : 26837

26417,26297,6272,1498
26417,26297,6076,2954 : 802 : 26931

4633,3841,3474,948
4993,3841,3474,2958 : 803 : 26956

21926,21902,3257,295
21926,21884,3257,2959 : 804 : 26963

8816,8351,4682,553
8816,8351,4249,2966 : 805 : 27005

9764,9368,4709,1627
9764,9284,4709,2971 : 806 : 27032

8495,7623,5502,1520
8599,7623,5502,2974 : 807 : 27062

10033,9924,3193,186
10033,9834,3193,2976 : 808 : 27067

31263,31207,5370,2084
31263,31207,5162,2976 : 809 : 27069

15261,14632,7338,2981
15845,14632,9356,2981 : 810 : 27101

5180,4074,3551,2985
9590,9324,3551,2985 : 811 : 27121

12451,12280,3867,2742
12451,12280,3723,2994 : 812 : 27186

14278,14107,4632,1581
14278,14107,4245,2994 : 813 : 27188

7027,5632,5451,1854
7027,5632,5211,2994 : 814 : 27191

28073,27761,9002,112
28073,27761,8890,2996 : 815 : 27210

4896,4378,3155,1269
5220,4378,3155,2997 : 816 : 27212

9255,8644,5055,2606
9292,8644,5055,3009 : 817 : 27282

7179,6458,4182,3019
7491,6458,4980,3019 : 818 : 27339

17158,17077,3630,2859
17158,17077,3516,3027 : 819 : 27395

7699,7272,3532,3027
7699,6906,4630,3027 : 820 : 27399

9147,8318,5452,3027
9939,8318,7234,3027 : 821 : 27402

5312,4457,3944,151
5312,4457,3223,3032 : 822 : 27421

24729,24681,3914,3034
24729,24126,10169,3034 : 823 : 27434

5781,5149,3834,692
5781,5149,3050,3048 : 824 : 27511

5412,4805,3606,883
5412,4367,3606,3049 : 825 : 27524

7728,7476,3347,1837
7728,7341,3347,3052 : 826 : 27544

9001,8742,3817,1770
9001,8742,3169,3084 : 827 : 27749

11694,11539,3798,1997
11694,11539,3221,3084 : 828 : 27750

6959,6135,4250,3084
6959,5420,5295,3084 : 829 : 27757

17815,17668,5015,2332
17815,17668,4783,3086 : 830 : 27770

5506,5146,3129,231
5812,5146,3129,3087 : 831 : 27773

19675,19504,5787,1452
19675,19504,5508,3099 : 832 : 27843

9784,9666,3223,81
9784,9558,3223,3105 : 833 : 27871

21664,21621,3502,2595
21664,21621,3123,3106 : 834 : 27882

26101,25821,8272,498
26101,25821,8124,3106 : 835 : 27887

6208,5722,3729,375
6208,5398,3729,3111 : 836 : 27910

16413,16189,5610,1262
16413,16189,5294,3114 : 837 : 27936

19336,19219,5014,1637
19336,19219,4644,3117 : 838 : 27948

18495,16838,11503,3126
55423,55254,11503,3126 : 839 : 28019

9073,7921,6150,2586
9073,7849,6150,3132 : 840 : 28057

6875,6038,4691,1168
6875,5756,4691,3142 : 841 : 28117

39955,39784,9339,978
39955,39784,9222,3147 : 842 : 28144

11521,11350,3897,1992
11521,11350,3294,3153 : 843 : 28183

8348,7981,4187,122
8348,7981,3476,3155 : 844 : 28200

17870,17639,5833,2714
17882,17639,5833,3158 : 845 : 28223

6510,5698,4427,1605
6720,5698,4427,3165 : 846 : 28262

8873,8210,5009,2692
8873,8210,4841,3166 : 847 : 28267

27910,27739,7338,1269
27910,27739,7149,3168 : 848 : 28283

5294,4483,3620,2213
5534,4483,3620,3173 : 849 : 28306

10110,9456,5611,2237
10110,9378,5611,3173 : 850 : 28311

6961,6025,4884,1278
6961,5737,4884,3174 : 851 : 28320

5777,4708,4241,2300
5969,4708,4241,3176 : 852 : 28335

27142,27075,5146,2253
27142,27075,4869,3184 : 853 : 28385

11958,11425,6024,167
11958,11425,5711,3186 : 854 : 28394

7446,6198,5375,2689
7524,6198,5375,3193 : 855 : 28435

8894,8519,4370,1225
8894,8519,3745,3200 : 856 : 28476

9988,9729,4138,1671
9988,9729,3495,3202 : 857 : 28489

29104,29025,5758,2103
29104,29025,5511,3202 : 858 : 28492

7388,6781,3884,3203
8132,6781,5780,3203 : 859 : 28503

8370,8019,3356,3205
17100,17019,3356,3205 : 860 : 28523

8261,7688,4244,3205
9725,7688,7562,3205 : 861 : 28532

16810,16729,3840,2271
16810,16729,3282,3207 : 862 : 28540

19028,18890,5207,1969
19028,18866,5207,3217 : 863 : 28612

15786,14883,8605,314
15786,14883,8452,3221 : 864 : 28642

33232,33123,7078,1749
33232,33123,6885,3226 : 865 : 28668

42304,42111,10102,825
42304,42111,9993,3226 : 866 : 28669

5894,4957,3974,2723
6020,4957,3974,3227 : 867 : 28672

35398,35271,7786,1545
35398,35271,7617,3232 : 868 : 28709

39934,39765,9298,1083
39934,39765,9171,3232 : 869 : 28710

8208,7522,4529,3255
9079,7522,6606,3255 : 870 : 28836

6288,5531,3550,3261
6354,5531,3748,3261 : 871 : 28874

10026,9454,5333,2235
10104,9454,5333,3267 : 872 : 28905

9967,9378,5143,3084
9967,9378,5071,3270 : 873 : 28918

5935,4926,4324,2055
5935,4926,3792,3271 : 874 : 28927

5830,5344,3567,537
6154,5344,3567,3273 : 875 : 28935

13725,12963,7405,1037
13786,12963,7405,3294 : 876 : 29048

5076,4313,3526,1887
5430,4313,3526,3303 : 877 : 29096

6829,6042,4597,912
6829,5700,4597,3306 : 878 : 29121

9840,9186,5477,2371
9918,9186,5477,3307 : 879 : 29128

10006,9852,3571,213
10006,9726,3571,3309 : 880 : 29145

8143,7776,4111,660
8143,7572,4111,3312 : 881 : 29167

18217,17398,9192,1377
18217,17398,9057,3312 : 882 : 29172

10134,9071,6366,3313
10590,9071,7398,3313 : 883 : 29182

6911,6119,4600,1538
6911,6119,4012,3314 : 884 : 29187

14213,13922,5549,1240
14213,13922,5146,3317 : 885 : 29205

45077,45053,4994,2788
45077,45053,4786,3320 : 886 : 29225

12659,12458,4451,1906
12659,12458,3880,3323 : 887 : 29246

14978,14696,5581,2315
15014,14696,5581,3323 : 888 : 29249

6752,5825,4711,1778
6974,5825,4711,3332 : 889 : 29292

7960,7086,5251,1557
7960,6858,5251,3333 : 890 : 29299

8381,7508,5333,2398
8381,7508,5045,3334 : 891 : 29305

11591,11216,5255,1060
11591,11216,4780,3335 : 892 : 29313

28510,28420,5663,3337
28510,27679,12452,3337 : 893 : 29328

17799,17671,4806,2138
17799,17671,4370,3342 : 894 : 29348

6206,5105,4724,823
6206,5105,4094,3343 : 895 : 29355

10148,8977,6575,3344
10316,8977,6959,3344 : 896 : 29368

5977,5257,4086,294
5977,4753,4086,3360 : 897 : 29468

6420,5630,3639,3361
20290,20220,3639,3361 : 898 : 29472

5778,4659,3772,3365
28026,27987,3772,3365 : 899 : 29495

7443,7076,3859,828
7443,6816,3859,3368 : 900 : 29510

8206,7569,4804,2007
8206,7569,4318,3375 : 901 : 29565

39629,39590,5573,2188
39629,39584,5573,3382 : 902 : 29607

6911,6119,4600,1538
7151,6119,4600,3398 : 903 : 29708

13314,13129,4452,2063
13314,13129,3863,3402 : 904 : 29740

12944,12863,3433,50
13022,12863,3433,3404 : 905 : 29755

7447,6871,4416,1356
7447,6871,3660,3408 : 906 : 29776

7362,6946,3989,747
7596,6946,3989,3411 : 907 : 29791

16651,16563,4168,738
16651,16515,4168,3414 : 908 : 29815

12981,12734,4933,1350
12981,12734,4357,3414 : 909 : 29816

5322,4631,3681,1156
5322,3935,3681,3418 : 910 : 29845

8641,7489,5862,2874
8713,7489,5862,3420 : 911 : 29855

9913,9354,5377,600
9913,9354,4866,3433 : 912 : 29936

26180,25188,12435,3437
33768,33184,12435,3437 : 913 : 29967

17873,17609,6134,2644
17873,17585,6134,3442 : 914 : 29996

24413,24242,6685,1694
24413,24242,6405,3444 : 915 : 30009

6645,5517,4996,926
6645,5037,4996,3446 : 916 : 30014

6457,5521,4596,1566
6745,5521,4596,3462 : 917 : 30116

11499,11124,5155,1910
11499,11124,4675,3470 : 918 : 30175

16901,16784,4613,1120
16901,16736,4613,3472 : 919 : 30183

8311,7362,5100,3487
8383,7362,5286,3487 : 920 : 30258

8311,7362,5100,3487
8311,6504,6354,3487 : 921 : 30259

13857,13641,4930,1388
13857,13569,4930,3494 : 922 : 30308

11374,11226,3841,303
11374,11112,3841,3495 : 923 : 30316

15493,14421,8778,3514
15493,12749,11704,3514 : 924 : 30431

10333,8850,7237,3144
10333,8796,7237,3522 : 925 : 30483

13737,13521,4898,1420
13809,13521,4898,3526 : 926 : 30508

9507,8683,5658,2864
9507,8683,5436,3530 : 927 : 30531

11987,11654,4572,3531
11987,10656,7766,3531 : 928 : 30542

24754,24705,3982,2991
24754,24705,3568,3543 : 929 : 30608

5820,4845,4331,1294
6210,4845,4331,3544 : 930 : 30621

26044,25785,8044,1095
26044,25785,7815,3544 : 931 : 30625

38175,38047,8202,1814
38175,38047,8006,3546 : 932 : 30645

5924,4733,4670,283
5924,4733,3854,3547 : 933 : 30653

31273,31014,9097,930
31273,31014,8916,3553 : 934 : 30689

49713,49689,5615,937
49713,49689,5104,3554 : 935 : 30696

6801,6025,4572,662
6801,6025,3704,3558 : 936 : 30712

13953,13560,5953,2300
13953,13500,5953,3560 : 937 : 30732

21958,21778,6207,2673
21976,21778,6207,3561 : 938 : 30738

12330,11057,7815,3568
13110,11057,9495,3568 : 939 : 30784

8360,7127,5857,2774
8474,7127,5857,3572 : 940 : 30806

10932,10771,3845,318
11058,10771,3845,3576 : 941 : 30837

16489,16353,4348,3030
16489,16353,4006,3576 : 942 : 30838

10117,8397,7372,3498
10117,8397,7354,3576 : 943 : 30843

8985,8586,4513,788
8985,8376,4513,3578 : 944 : 30849

12923,12611,5300,1546
12923,12611,4744,3578 : 945 : 30850

12863,12092,6911,3112
12863,12056,6911,3580 : 946 : 30868

9887,8903,6178,2924
9959,8903,6178,3590 : 947 : 30926

29244,29217,4103,514
29262,29217,4103,3592 : 948 : 30932

7793,7208,4601,1114
7793,7208,3742,3593 : 949 : 30937

11922,11136,6631,2801
11922,11070,6631,3593 : 950 : 30944

15290,14949,5723,3594
15670,14949,7723,3594 : 951 : 30958

9186,8591,5193,1012
9186,8380,5193,3599 : 952 : 30986

9771,7731,7612,3098
9771,7635,7612,3602 : 953 : 31003

6879,6103,4608,710
6879,6103,3716,3606 : 954 : 31025

7132,6403,4638,789
7132,6403,3765,3606 : 955 : 31026

14835,13030,10019,3606
53043,52918,10019,3606 : 956 : 31030

9328,8739,4596,3613
11020,8739,8544,3613 : 957 : 31075

22415,22334,4839,2028
22415,22308,4839,3614 : 958 : 31079

6432,5973,3755,376
6792,5973,3755,3616 : 959 : 31090

50194,50178,4915,1293
50194,50172,4915,3621 : 960 : 31109

28048,27987,4954,2805
28048,27987,4581,3622 : 961 : 31116

13782,13389,5891,2362
13842,13389,5891,3622 : 962 : 31118

9697,9249,4792,2196
9697,9249,4180,3624 : 963 : 31124

5820,5169,3863,1114
5820,4512,3863,3625 : 964 : 31127

6530,5672,4577,439
6530,5126,4577,3631 : 965 : 31167

19519,19440,4471,822
19519,19398,4471,3636 : 966 : 31183

5401,4681,3798,582
5905,4681,3798,3648 : 967 : 31254

10417,10017,4242,3658
10417,9345,6426,3658 : 968 : 31304

6598,5475,4197,3664
7147,5475,5334,3664 : 969 : 31337

31546,31467,6022,2565
31546,31467,5709,3664 : 970 : 31339

6926,5717,5246,1003
6926,5717,4580,3667 : 971 : 31356

23340,23290,4331,669
23370,23290,4331,3669 : 972 : 31366

8712,8313,4415,886
8922,8313,4415,3676 : 973 : 31409

11046,9387,7780,3677
11802,10395,7780,3677 : 974 : 31417

10533,9812,5578,3693
12261,9812,9466,3693 : 975 : 31495

35248,35145,7186,2271
35248,35145,6927,3694 : 976 : 31500

12216,11929,4734,2687
12216,11929,4218,3695 : 977 : 31505

11326,9913,7815,1134
11452,9913,7815,3696 : 978 : 31511

6621,5589,4870,548
6621,4989,4870,3698 : 979 : 31516

14893,14421,6568,2754
14893,14373,6568,3702 : 980 : 31546

21802,21510,7429,939
21837,21510,7429,3704 : 981 : 31559

39154,39021,8446,1923
39154,39021,8235,3712 : 982 : 31602

8145,7534,4785,1466
8145,7534,3945,3716 : 983 : 31621

7654,6403,5670,1533
7654,6403,5124,3717 : 984 : 31630

11897,11729,4126,452
12017,11729,4126,3722 : 985 : 31648

10126,8605,7134,3363
10126,8605,7044,3723 : 986 : 31652

18006,17611,7212,893
18006,17611,6869,3726 : 987 : 31672

18828,17422,11009,3735
19122,17764,11009,3735 : 988 : 31720

33455,32790,12879,3746
43175,42780,12879,3746 : 989 : 31777

8635,7906,5307,606
8635,7906,4596,3747 : 990 : 31778

8836,7477,6366,2403
8836,7477,6030,3747 : 991 : 31783

9497,7769,7172,2656
9497,7577,7172,3748 : 992 : 31793

13010,12019,7448,3749
15068,12019,11774,3749 : 993 : 31805

11616,10830,6473,2959
11682,10830,6473,3751 : 994 : 31814

13076,11022,9449,3759
49560,49438,9449,3759 : 995 : 31860

22207,21906,7591,1236
22207,21906,7278,3775 : 996 : 31945

19152,18973,5723,1974
19194,18973,5723,3780 : 997 : 31984

11675,10590,7283,2592
11675,10478,7283,3796 : 998 : 32072

31060,30949,6835,926
31060,30949,6424,3803 : 999 : 32119

17671,17230,7383,774
17671,17230,7032,3807 : 1000 : 32148

18829,18280,8277,186
18829,18280,7998,3813 : 1001 : 32173

10245,8173,7908,3266
10245,8173,7794,3824 : 1002 : 32232

16215,15364,8343,3824
36386,36225,8343,3824 : 1003 : 32234

11447,11138,4895,976
11447,10988,4895,3826 : 1004 : 32248

10078,9187,6060,2949
10078,9187,5766,3837 : 1005 : 32297

12042,11538,5881,1895
12042,11412,5881,3839 : 1006 : 32303

54716,54695,5708,1369
54716,54695,5090,3841 : 1007 : 32312

7076,5947,4766,3293
7214,5947,4766,3845 : 1008 : 32337

15013,14796,5221,1320
15013,14712,5221,3852 : 1009 : 32372

8353,7344,5689,1374
8353,6990,5689,3852 : 1010 : 32373

5949,4821,4580,1342
6429,4821,4580,3862 : 1011 : 32430

11343,10359,6898,2696
11343,10239,6898,3866 : 1012 : 32454

16397,16070,6341,1528
16397,16070,5854,3869 : 1013 : 32477

16397,16070,5854,3869
17492,16070,10459,3869 : 1014 : 32481

8544,7607,4993,3894
8730,7607,5497,3894 : 1015 : 32610

8141,6605,6272,1672
8141,6605,5768,3904 : 1016 : 32663

11516,10567,6602,3905
12806,10567,9512,3905 : 1017 : 32672

8504,7523,5726,1141
8504,7523,5061,3906 : 1018 : 32682

15946,15217,8040,2247
16009,15217,8040,3906 : 1019 : 32683

5974,4545,3967,3846
6000,4545,3967,3908 : 1020 : 32693

10729,10041,6057,775
10729,9840,6057,3916 : 1021 : 32753

18379,18035,6946,1912
18379,18035,6556,3922 : 1022 : 32787

19237,19101,5062,2724
19237,19101,4470,3928 : 1023 : 32809

12107,10340,8483,3886
12107,10334,8483,3928 : 1024 : 32812

11149,10420,6261,2082
11149,10258,6261,3936 : 1025 : 32855

11790,11286,5783,1993
11916,11286,5783,3937 : 1026 : 32863

16362,14765,10323,3946
18108,14765,13851,3946 : 1027 : 32920

11096,10676,5269,1451
11252,10676,5269,3947 : 1028 : 32921

9873,9001,5982,2672
9873,9001,5556,3950 : 1029 : 32935

20849,20576,7025,1672
20849,20576,6616,3953 : 1030 : 32945

9049,7458,6762,2569
9049,7458,6412,3969 : 1031 : 33040

10063,9471,5518,1134
10063,9471,4746,3970 : 1032 : 33047

9042,8187,5669,2026
9258,8187,5669,3970 : 1033 : 33048

17252,16591,8240,2033
17252,16591,7961,3986 : 1034 : 33141

11112,10540,5165,3987
13204,10540,10221,3987 : 1035 : 33151

10316,9187,6374,3989
10538,9187,6920,3989 : 1036 : 33169

7669,6706,5301,798
7669,6202,5301,3990 : 1037 : 33177

17130,17044,4223,249
17202,17044,4223,3993 : 1038 : 33191

14640,13638,8161,3863
14640,13626,8161,4007 : 1039 : 33278

7947,7123,5178,1184
7947,7123,4236,4010 : 1040 : 33294

8339,7464,5100,3155
8339,7464,4635,4010 : 1041 : 33297

13435,12706,7203,168
13435,12706,6762,4011 : 1042 : 33309

8167,6943,5910,1536
8167,6943,5244,4038 : 1043 : 33444

12084,11383,6473,2640
12192,11383,6473,4044 : 1044 : 33479

10070,9650,4951,1049
10280,9650,4951,4049 : 1045 : 33508

10555,9907,5862,1284
10555,9682,5862,4059 : 1046 : 33573

7555,6798,4891,408
7555,6276,4891,4062 : 1047 : 33594

22927,22756,6351,2256
22927,22720,6351,4068 : 1048 : 33630

46040,46001,5948,3343
46040,46001,5647,4076 : 1049 : 33679

19920,19654,6653,2619
19962,19654,6653,4083 : 1050 : 33713

22846,22675,6333,2274
22882,22675,6333,4086 : 1051 : 33737

10935,9951,6674,2920
11055,9951,6674,4090 : 1052 : 33753

14867,14648,5003,2614
14867,14648,4210,4091 : 1053 : 33756

10039,8986,6423,2766
10039,8986,6015,4092 : 1054 : 33763

8838,8394,4619,709
9120,8394,4619,4093 : 1055 : 33770

9981,8397,7082,3610
10053,8397,7082,4096 : 1056 : 33779

10798,10069,6099,2244
10960,10069,6099,4098 : 1057 : 33794

52014,51972,6841,2735
52014,51966,6841,4103 : 1058 : 33825

7549,6397,5514,918
7549,6397,4626,4110 : 1059 : 33853

32674,32601,5872,3135
32674,32601,5463,4126 : 1060 : 33940

33216,32841,10498,4127
45900,45705,10498,4127 : 1061 : 33956

13525,13122,5605,3378
13525,13122,5245,4128 : 1062 : 33959

36217,36081,8038,2400
36217,36081,7734,4132 : 1063 : 33995

10567,9199,7170,3204
10567,9199,6912,4146 : 1064 : 34067

26327,26042,8351,1564
26327,26042,8014,4151 : 1065 : 34096

6564,5573,4534,2547
6966,5573,4534,4155 : 1066 : 34115

11105,9962,6977,3454
11105,9962,6761,4156 : 1067 : 34126

43292,43256,5825,1663
43292,43244,5825,4159 : 1068 : 34147

30046,29985,5008,3399
30046,29985,4527,4162 : 1069 : 34160

11052,10441,5946,1151
11052,10441,5183,4170 : 1070 : 34217

15798,15271,7248,929
15798,15271,6761,4170 : 1071 : 34219

37042,36945,7216,2823
37042,36945,6879,4174 : 1072 : 34241

8538,6913,6600,1655
8538,6913,6030,4175 : 1073 : 34245

10009,9078,5664,4177
10657,9078,7302,4177 : 1074 : 34265

10247,9383,6254,1738
10247,9119,6254,4180 : 1075 : 34281

11965,11524,4773,4194
11965,11094,6493,4194 : 1076 : 34358

21162,20647,8772,593
21162,20647,8441,4194 : 1077 : 34360

13355,12587,7292,244
13355,12587,6796,4196 : 1078 : 34371

53689,53553,10516,2166
53689,53553,10320,4198 : 1079 : 34383

14298,13296,7967,4057
14310,13296,7967,4201 : 1080 : 34398

17061,16452,7789,3434
17061,16410,7789,4208 : 1081 : 34437

13595,13316,5331,342
13595,13316,4251,4212 : 1082 : 34450

9633,8133,7085,655
9633,7737,7085,4219 : 1083 : 34483

9809,8558,6761,1996
9809,8240,6761,4222 : 1084 : 34497

46594,46425,10288,1983
46594,46425,10071,4222 : 1085 : 34499

15880,15241,7743,138
15880,15132,7743,4225 : 1086 : 34523

8076,7157,4390,4227
8298,7157,5056,4227 : 1087 : 34532

13876,13309,6288,4035
13876,13309,6204,4227 : 1088 : 34537

8937,8065,5694,1664
8937,8065,4836,4238 : 1089 : 34597

11307,10824,4658,4243
12028,10824,7341,4243 : 1090 : 34638

8503,7727,5350,664
8503,7727,4252,4246 : 1091 : 34649

14617,14316,5401,3156
14617,14316,4825,4248 : 1092 : 34661

23161,23082,5017,750
23161,23034,5017,4254 : 1093 : 34693

12841,12282,6361,1938
12841,12126,6361,4254 : 1094 : 34694

37486,37389,7264,2907
37486,37389,6915,4258 : 1095 : 34715

22845,22716,5821,1532
22845,22668,5821,4268 : 1096 : 34761

21004,19951,10896,3153
21039,19951,10896,4268 : 1097 : 34764

11183,10492,5492,4271
13295,10492,10376,4271 : 1098 : 34782

26541,26029,10200,368
26541,26029,9944,4272 : 1099 : 34789

11341,9136,8661,3594
11341,9136,8517,4278 : 1100 : 34812

12699,12216,6043,1616
12699,12048,6043,4280 : 1101 : 34823

15825,15538,5841,2318
15825,15538,5108,4281 : 1102 : 34827

22770,22641,5807,1546
22818,22641,5807,4282 : 1103 : 34833

7726,6313,5934,855
7726,6313,5076,4287 : 1104 : 34860

6326,5377,4436,2183
6854,5377,4436,4295 : 1105 : 34894

16830,16221,7691,3532
16872,16221,7691,4306 : 1106 : 34952

45742,45585,9904,2199
45742,45585,9663,4306 : 1107 : 34954

20358,20078,6409,4311
20735,20078,9048,4311 : 1108 : 34985

28090,27876,7741,3387
28090,27858,7741,4323 : 1109 : 35052

9196,7540,6999,1833
9196,7072,6999,4329 : 1110 : 35089

19067,18650,7619,1384
19067,18650,7138,4331 : 1111 : 35101

7012,6049,4959,1140
7516,6049,4959,4332 : 1112 : 35104

6959,5420,5295,3084
6959,5420,4584,4335 : 1113 : 35117

9674,8855,5049,4350
33446,33383,5049,4350 : 1114 : 35197

7282,5553,5095,4356
10288,9561,5095,4356 : 1115 : 35228

8486,7043,6374,1405
8486,7043,5636,4357 : 1116 : 35238

8779,7635,6106,1572
8779,7635,5296,4362 : 1117 : 35268

6497,5153,5116,1520
7073,5153,5116,4364 : 1118 : 35285

12351,11287,7272,3950
12351,11287,7134,4364 : 1119 : 35288

7836,6978,5209,335
7836,6354,5209,4367 : 1120 : 35311

7836,6354,5209,4367
21195,21027,5209,4367 : 1121 : 35312

12426,11943,5945,1714
12594,11943,5945,4378 : 1122 : 35363

16383,15583,8186,4014
16407,15583,8186,4380 : 1123 : 35384

8884,7417,6606,1695
8884,7417,5934,4383 : 1124 : 35391

16026,15703,5766,3737
16026,15703,5424,4385 : 1125 : 35404

7288,5913,5650,15
7288,5913,4575,4390 : 1126 : 35430

11890,9441,9370,2559
12048,9441,9370,4391 : 1127 : 35445

23040,22482,9215,4393
24632,24146,9215,4393 : 1128 : 35453

17356,17013,6664,1995
17356,17013,6027,4396 : 1129 : 35464

17698,17581,4779,408
17788,17581,4779,4398 : 1130 : 35479

7278,5948,5007,3673
7496,5948,5007,4401 : 1131 : 35496

11567,10607,6824,3316
11567,10607,6452,4408 : 1132 : 35521

24737,24449,7834,3470
24761,24449,7834,4412 : 1133 : 35544

11524,9787,8166,3645
11524,9787,7974,4413 : 1134 : 35553

9306,8185,6306,1895
9306,8185,5556,4415 : 1135 : 35566

19972,19419,8632,741
19972,19419,8229,4420 : 1136 : 35596

16719,15361,9873,4421
17285,15361,11327,4421 : 1137 : 35605

11054,9377,7886,3295
11054,9377,7604,4423 : 1138 : 35617

16596,16381,5298,2987
16596,16381,4458,4427 : 1139 : 35633

10651,9760,6387,2622
10651,9760,5763,4434 : 1140 : 35657

12745,11521,7992,3126
12745,11377,7992,4434 : 1141 : 35660

9385,8322,6289,1152
9385,8322,5457,4444 : 1142 : 35697

11779,10947,6856,540
11779,10947,6168,4444 : 1143 : 35699

7646,6463,5204,3305
7934,6463,5204,4457 : 1144 : 35769

20073,19674,7270,4457
25905,25668,7270,4457 : 1145 : 35774

13101,12074,7366,4461
14757,12074,11092,4461 : 1146 : 35805

9839,7823,7730,2278
9839,7823,7274,4462 : 1147 : 35809

10992,10410,5833,1151
10992,10134,5833,4463 : 1148 : 35814

22435,20266,14227,4466
34923,34092,14227,4466 : 1149 : 35835

20621,20114,8573,970
20621,20114,8152,4469 : 1150 : 35847

57356,57299,8060,3373
57356,57299,7789,4472 : 1151 : 35859

9474,8621,4926,4483
10230,8621,6978,4483 : 1152 : 35907

18778,18153,8455,3270
18778,18097,8455,4484 : 1153 : 35916

16991,16185,8315,4491
21437,20943,8315,4491 : 1154 : 35950

9566,7992,7127,1425
9566,7505,7127,4492 : 1155 : 35957

9566,7986,7127,1593
9566,7505,7127,4492 : 1156 : 35957

8089,6376,6113,3466
8089,6376,5632,4505 : 1157 : 36006

11299,9171,8590,3342
11299,9171,8338,4506 : 1158 : 36014

10201,9193,6546,1602
10201,8833,6546,4512 : 1159 : 36042

8366,7027,5630,3917
8516,7027,5630,4517 : 1160 : 36065

10376,9899,5269,932
10652,9899,5269,4520 : 1161 : 36080

15129,13946,8698,4521
17313,13946,13360,4521 : 1162 : 36093

17729,17513,5836,1346
17825,17513,5836,4538 : 1163 : 36181

11667,11122,5907,1838
11667,11122,4916,4539 : 1164 : 36184

8213,6962,6005,214
8213,6962,4972,4541 : 1165 : 36192

9081,8074,6057,674
9081,8074,5048,4545 : 1166 : 36223

9390,7451,7053,3988
9504,7451,7053,4546 : 1167 : 36233

7508,6659,5029,914
8030,6659,5029,4568 : 1168 : 36345

17773,17517,5740,3684
17773,17517,5236,4572 : 1169 : 36370

10558,9684,6427,1485
10558,9342,6427,4581 : 1170 : 36411

30132,29868,8653,4019
30132,29856,8653,4595 : 1171 : 36477

32691,32563,7298,2718
32715,32563,7298,4596 : 1172 : 36479

18994,18787,5604,3573
18994,18787,4986,4605 : 1173 : 36515

14310,13151,8233,4608
16074,13151,12121,4608 : 1174 : 36542

11512,10410,7341,1243
11749,10410,7341,4612 : 1175 : 36567

9610,9187,4821,396
9952,9187,4821,4614 : 1176 : 36575

7380,6263,5086,2913
7806,6263,5086,4617 : 1177 : 36588

30036,29772,8627,4045
30048,29772,8627,4621 : 1178 : 36607

13102,12517,6576,1539
13102,12517,5739,4626 : 1179 : 36635

24142,23862,7699,3021
24142,23820,7699,4629 : 1180 : 36648

19878,19633,5934,4271
19878,19633,5724,4631 : 1181 : 36657

8919,7855,6078,668
8919,7855,5006,4632 : 1182 : 36663

51166,51084,8389,3747
51166,51078,8389,4635 : 1183 : 36676

7954,6822,5281,3375
7954,6351,5281,4638 : 1184 : 36695

21731,21587,5450,3442
21731,21587,4678,4646 : 1185 : 36733

23659,23550,5659,990
23659,23490,5659,4650 : 1186 : 36759

13808,12421,8507,4652
14564,12421,10235,4652 : 1187 : 36777

16665,16473,5402,790
16785,16473,5402,4660 : 1188 : 36825

15782,15255,7241,1038
15782,15110,7241,4663 : 1189 : 36836

9786,7649,7518,4015
9912,7649,7518,4663 : 1190 : 36838

34246,34179,5338,4365
34246,34179,5104,4677 : 1191 : 36908

8920,7940,5839,2161
8920,7417,5839,4682 : 1192 : 36927

9185,7200,6681,4694
14520,13855,6681,4694 : 1193 : 36979

39079,38998,6879,3552
39079,38998,6438,4695 : 1194 : 36987

11328,10649,5223,4696
12391,11832,5223,4696 : 1195 : 36999

12589,11832,6765,3076
12589,11652,6765,4696 : 1196 : 37000

9489,7628,6745,4698
9489,7226,7201,4698 : 1197 : 37009

20032,19794,6523,1773
20032,19710,6523,4701 : 1198 : 37023

7134,6276,4871,673
7758,6276,4871,4705 : 1199 : 37047

38245,38173,6420,3702
38245,38173,5952,4710 : 1200 : 37075

12241,11017,7704,3414
12385,11017,7704,4722 : 1201 : 37130

9326,7757,6980,1627
9326,7757,6206,4723 : 1202 : 37136

23130,22787,7588,4725
24416,22787,13782,4725 : 1203 : 37147

15164,13513,9704,4727
15752,13513,11012,4727 : 1204 : 37156

24632,24146,9215,4393
24632,24134,9215,4729 : 1205 : 37168

11283,10267,6924,2810
11283,10267,6282,4736 : 1206 : 37196

10505,9137,7250,2488
10505,9137,6620,4738 : 1207 : 37205

16986,16842,4981,203
16986,16716,4981,4739 : 1208 : 37210

15074,14888,5003,205
15074,14726,5003,4741 : 1209 : 37216

12730,11781,6846,4747
14422,11781,10794,4747 : 1210 : 37250

26539,26427,5722,3642
26539,26427,5046,4750 : 1211 : 37258

9938,8329,6668,4751
55964,55921,6668,4751 : 1212 : 37268

35603,35459,8030,3022
35603,35459,7594,4754 : 1213 : 37284

10876,10030,6501,1395
10876,9670,6501,4755 : 1214 : 37292

13532,12128,8681,3415
13532,11972,8681,4759 : 1215 : 37313

25573,25381,7204,8
25573,25325,7204,4762 : 1216 : 37329

11047,10215,6556,768
11047,10215,5584,4764 : 1217 : 37342

10174,8545,7476,2247
10174,8545,6846,4767 : 1218 : 37362

9001,8209,5604,402
9001,7633,5604,4770 : 1219 : 37386

12014,10193,8564,3607
12014,10193,8270,4783 : 1220 : 37438

33792,33643,7829,3048
33816,33643,7829,4800 : 1221 : 37527

15745,15108,7681,1188
15745,15108,7008,4801 : 1222 : 37535

25876,25749,5230,4803
26626,25749,11920,4803 : 1223 : 37550

25615,25372,7695,2628
25615,25372,7128,4815 : 1224 : 37612

17944,17701,5808,3291
17944,17701,4920,4827 : 1225 : 37665

10910,9740,7169,1831
10910,9350,7169,4831 : 1226 : 37687

18113,17522,8105,3124
18113,17432,8105,4834 : 1227 : 37709

12196,11832,5401,423
12196,11556,5401,4839 : 1228 : 37728

11790,11057,5568,4855
13980,11057,10818,4855 : 1229 : 37820

7806,6623,5374,3105
8244,6623,5374,4857 : 1230 : 37826

13186,12147,7278,4861
14734,12147,10890,4861 : 1231 : 37853

9363,8251,6372,722
9363,8251,5240,4866 : 1232 : 37881

12204,10060,9281,447
12204,9663,9281,4876 : 1233 : 37926

22696,22017,10060,447
22696,22017,9663,4876 : 1234 : 37927

11961,10897,7284,3134
11961,10897,6702,4880 : 1235 : 37940

9866,8585,6887,982
9866,8028,6887,4881 : 1236 : 37944

8332,6676,6441,2391
8800,6676,6441,4887 : 1237 : 37968

21761,21272,8777,1450
21761,21272,8254,4889 : 1238 : 37978

7512,6191,5574,2377
8082,6191,5574,4897 : 1239 : 38031

20347,19960,7731,2118
20347,19960,7074,4899 : 1240 : 38039

23707,23050,10251,498
23707,23050,9864,4899 : 1241 : 38040

50217,50092,9705,3080
50217,50092,9380,4905 : 1242 : 38073

18143,17870,6191,3046
18143,17870,5272,4919 : 1243 : 38151

54255,54151,9588,3278
54255,54151,9272,4926 : 1244 : 38185

11923,10536,7398,4939
11923,10422,7620,4939 : 1245 : 38252

21523,21316,6291,3300
21523,21316,5472,4947 : 1246 : 38292

12721,12114,6529,1362
12721,11838,6529,4950 : 1247 : 38304

12361,11673,6646,1662
12361,11673,5610,4954 : 1248 : 38326

14761,13392,8844,4969
15913,13392,11460,4969 : 1249 : 38399

12763,11979,7102,1230
12763,11979,6186,4978 : 1250 : 38447

56178,56139,7109,2134
56190,56139,7109,4978 : 1251 : 38449

11331,10389,5939,4987
11331,10356,6038,4987 : 1252 : 38495

38013,37948,5949,4136
38013,37948,5396,4989 : 1253 : 38502

10354,9508,6267,1629
10714,9508,6267,4989 : 1254 : 38504

25461,25309,5970,4328
25461,25309,5532,4994 : 1255 : 38534

13231,12250,7743,2394
13231,11998,7743,4998 : 1256 : 38556

19898,19091,9725,766
20003,19091,9725,5011 : 1257 : 38628

11056,10120,5739,5013
38224,38152,5739,5013 : 1258 : 38638

26098,25891,7302,3117
26098,25891,6645,5016 : 1259 : 38658

10771,9147,7810,1992
10771,8643,7810,5034 : 1260 : 38737

8353,7561,5316,690
8929,7561,5316,5058 : 1261 : 38865

24483,24403,5234,186
24555,24403,5234,5064 : 1262 : 38894

13428,11553,9580,95
13665,11553,9580,5072 : 1263 : 38927

18079,17400,8458,3303
18079,17400,7990,5079 : 1264 : 38967

12951,11780,7408,5079
13911,11780,9748,5079 : 1265 : 38970

27328,27085,8022,2859
27328,27085,7419,5082 : 1266 : 38991

42843,42787,5736,4922
42843,42787,5610,5084 : 1267 : 38995

11499,9595,8306,4002
11667,9595,8306,5088 : 1268 : 39011

20625,19550,10537,5088
36700,36375,10537,5088 : 1269 : 39013

10858,10084,6333,891
10858,9634,6333,5091 : 1270 : 39023

40099,40018,7179,2712
40099,40018,6366,5091 : 1271 : 39024

13567,12591,7942,534
13567,12591,7170,5098 : 1272 : 39060

13660,12409,7958,5119
15256,12409,11462,5119 : 1273 : 39171

17351,16519,8348,5120
17351,16095,9726,5120 : 1274 : 39182

49757,49724,6245,1114
49757,49706,6245,5128 : 1275 : 39229

29989,29746,8565,2802
29989,29746,8016,5133 : 1276 : 39249

33259,33052,8691,2970
33259,33052,8178,5139 : 1277 : 39274

36448,36375,5974,4257
36448,36375,5361,5146 : 1278 : 39316

13957,11920,10082,685
13957,11920,9614,5149 : 1279 : 39337

15502,14647,8352,753
15502,14647,7641,5154 : 1280 : 39366

43629,43420,10533,2678
43629,43420,10166,5157 : 1281 : 39378

16507,15348,9379,3858
16507,15234,9379,5160 : 1282 : 39394

15023,14372,7151,3832
15023,14372,6575,5164 : 1283 : 39406

17659,17083,8049,207
17659,17083,7266,5166 : 1284 : 39411

31414,31113,9544,2367
31414,31113,9063,5170 : 1285 : 39445

10554,9617,5287,5172
11490,9617,7879,5172 : 1286 : 39456

10625,9089,7628,1684
10625,8513,7628,5176 : 1287 : 39474

11330,9276,8027,5181
29474,29220,8027,5181 : 1288 : 39502

19180,18885,6843,532
19306,18885,6843,5194 : 1289 : 39570

15037,13498,9309,5118
15037,13498,9285,5196 : 1290 : 39577

